0 0.09166666666666666 0.4503333333333333 0.154 0.13933333333333334
0 0.322 0.472 0.17066666666666666 0.17333333333333334
0 0.09933333333333333 0.11566666666666667 0.10533333333333333 0.10333333333333333
0 0.205 0.14266666666666666 0.122 0.13733333333333334
0 0.153 0.224 0.14866666666666667 0.12
0 0.19033333333333333 0.3283333333333333 0.13799999999999998 0.15533333333333332
1 0.30533333333333335 0.3426666666666667 0.096 0.09333333333333332
1 0.36733333333333335 0.27399999999999997 0.13599999999999998 0.13599999999999998
0 0.5703333333333334 0.309 0.20866666666666667 0.18333333333333332
1 0.30833333333333335 0.149 0.09533333333333333 0.11666666666666667
1 0.4026666666666667 0.159 0.09066666666666666 0.11933333333333333
0 0.5033333333333333 0.17766666666666667 0.10266666666666667 0.146
0 0.6256666666666666 0.179 0.13933333333333334 0.146
1 0.5693333333333334 0.06366666666666666 0.10666666666666666 0.11266666666666666
0 0.434 0.05933333333333333 0.12266666666666666 0.10666666666666666
0 0.6809999999999999 0.072 0.11666666666666667 0.124
0 0.7886666666666666 0.06633333333333333 0.09866666666666667 0.12066666666666666
0 0.8493333333333333 0.134 0.164 0.13599999999999998
0 0.846 0.24833333333333332 0.132 0.10466666666666666
0 0.06333333333333332 0.5693333333333334 0.10266666666666667 0.09333333333333332
0 0.19799999999999998 0.5746666666666667 0.16666666666666666 0.19066666666666665
0 0.315 0.5976666666666667 0.082 0.08333333333333333
0 0.14233333333333334 0.6766666666666666 0.13 0.16666666666666666
0 0.2803333333333333 0.7 0.11533333333333333 0.132
0 0.384 0.701 0.09733333333333333 0.10466666666666666
0 0.514 0.6996666666666667 0.16533333333333333 0.20199999999999999
0 0.6583333333333333 0.8393333333333333 0.174 0.16933333333333334
0 0.52 0.846 0.09733333333333333 0.10266666666666667
0 0.40066666666666667 0.8316666666666667 0.13599999999999998 0.14066666666666666
0 0.2793333333333333 0.8296666666666667 0.10933333333333332 0.12466666666666666
0 0.178 0.813 0.104 0.11133333333333333
0 0.09633333333333333 0.9209999999999999 0.174 0.13533333333333333
0 0.19933333333333333 0.9149999999999999 0.072 0.09
0 0.04566666666666667 0.22166666666666665 0.08866666666666666 0.10866666666666666
0 0.043 0.6629999999999999 0.08466666666666667 0.13266666666666665
0 0.07533333333333334 0.7723333333333333 0.14933333333333332 0.18066666666666667
0 0.304 0.9146666666666666 0.072 0.08133333333333333
0 0.417 0.9443333333333332 0.15266666666666667 0.11133333333333333
0 0.5376666666666666 0.9426666666666667 0.12333333333333332 0.11466666666666667
0 0.9143333333333333 0.051 0.14866666666666667 0.10066666666666667
0 0.9623333333333333 0.148 0.07533333333333334 0.12533333333333332
