0 0.13333333333333333 0.07533333333333334 0.11866666666666666 0.13066666666666665
0 0.25 0.08366666666666667 0.09066666666666666 0.09666666666666666
0 0.35633333333333334 0.09433333333333332 0.106 0.14866666666666667
0 0.4583333333333333 0.11499999999999999 0.09799999999999999 0.08466666666666667
0 0.4423333333333333 0.20266666666666666 0.13666666666666666 0.104
0 0.33699999999999997 0.219 0.086 0.09
0 0.23099999999999998 0.19066666666666665 0.11933333333333333 0.11333333333333333
0 0.12066666666666666 0.21866666666666665 0.12933333333333333 0.13066666666666665
0 0.10766666666666666 0.3433333333333333 0.12466666666666666 0.10533333333333333
0 0.21733333333333332 0.302 0.10533333333333333 0.10266666666666667
0 0.18866666666666665 0.4033333333333333 0.09866666666666667 0.10533333333333333
0 0.312 0.3446666666666667 0.13333333333333333 0.172
0 0.2653333333333333 0.451 0.06266666666666666 0.054
0 0.18466666666666667 0.49966666666666665 0.13466666666666666 0.10466666666666666
0 0.09233333333333334 0.44 0.11399999999999999 0.104
0 0.086 0.5426666666666666 0.13466666666666666 0.10933333333333332
0 0.073 0.6453333333333333 0.11133333333333333 0.09333333333333332
0 0.07566666666666666 0.7663333333333333 0.14466666666666667 0.12866666666666665
0 0.14366666666666666 0.694 0.07533333333333334 0.13466666666666666
0 0.23033333333333333 0.5853333333333333 0.118 0.09466666666666666
0 0.21433333333333332 0.6773333333333333 0.11666666666666667 0.104
0 0.309 0.7476666666666666 0.15533333333333332 0.15
0 0.566 0.8923333333333333 0.172 0.15
0 0.43033333333333335 0.32066666666666666 0.118 0.12666666666666665
0 0.389 0.44966666666666666 0.10733333333333334 0.11266666666666666
0 0.32966666666666666 0.5836666666666667 0.11933333333333333 0.16999999999999998
0 0.19766666666666666 0.8413333333333333 0.049999999999999996 0.052
0 0.6556666666666666 0.7866666666666666 0.09266666666666666 0.10533333333333333
0 0.7813333333333333 0.7676666666666666 0.15866666666666665 0.12866666666666665
0 0.7473333333333333 0.9116666666666666 0.176 0.15533333333333332
0 0.9109999999999999 0.9033333333333333 0.15666666666666665 0.15866666666666665
0 0.8906666666666666 0.7116666666666667 0.13333333333333333 0.122
0 0.8146666666666667 0.6193333333333333 0.13866666666666666 0.132
0 0.691 0.6096666666666667 0.13266666666666665 0.15133333333333332
0 0.621 0.6816666666666666 0.074 0.07133333333333333
0 0.5696666666666667 0.5696666666666667 0.12066666666666666 0.158
0 0.46199999999999997 0.5156666666666666 0.10266666666666667 0.16599999999999998
0 0.593 0.45899999999999996 0.09 0.08333333333333333
0 0.707 0.45566666666666666 0.146 0.14733333333333332
0 0.8006666666666666 0.501 0.09466666666666666 0.08733333333333333
0 0.9026666666666666 0.5463333333333333 0.10666666666666666 0.10866666666666666
0 0.9086666666666666 0.46499999999999997 0.09866666666666667 0.051333333333333335
0 0.8223333333333334 0.386 0.12066666666666666 0.12933333333333333
0 0.6326666666666666 0.36233333333333334 0.12533333333333332 0.11533333333333333
0 0.5466666666666666 0.29633333333333334 0.108 0.19133333333333333
0 0.6533333333333333 0.25033333333333335 0.10533333333333333 0.11933333333333333
0 0.65 0.076 0.10133333333333333 0.076
0 0.6436666666666666 0.15533333333333332 0.16066666666666665 0.088
0 0.8436666666666667 0.092 0.15 0.10533333333333333
0 0.9486666666666667 0.07133333333333333 0.09333333333333332 0.08933333333333333
0 0.8593333333333333 0.16999999999999998 0.13599999999999998 0.10533333333333333
0 0.7563333333333333 0.23933333333333331 0.10333333333333333 0.15333333333333332
0 0.857 0.2593333333333333 0.09533333333333333 0.10133333333333333
0 0.9536666666666667 0.2723333333333333 0.08066666666666666 0.11933333333333333
0 0.9413333333333334 0.37133333333333335 0.09999999999999999 0.09733333333333333
0 0.03933333333333333 0.06366666666666666 0.076 0.08066666666666666
0 0.04566666666666667 0.14366666666666666 0.09 0.12733333333333333
0 0.486 0.041 0.13999999999999999 0.07933333333333333
0 0.5523333333333333 0.10666666666666666 0.06866666666666667 0.08133333333333333
0 0.03333333333333333 0.27366666666666667 0.06533333333333333 0.13666666666666666
0 0.407 0.8113333333333334 0.078 0.112
0 0.2836666666666667 0.8393333333333333 0.046 0.052
0 0.13733333333333334 0.9339999999999999 0.16133333333333333 0.132
0 0.3466666666666667 0.9316666666666666 0.21466666666666667 0.13666666666666666
0 0.45766666666666667 0.9309999999999999 0.08066666666666666 0.126
0 0.5569999999999999 0.9763333333333333 0.06333333333333332 0.04733333333333333
0 0.8893333333333333 0.7946666666666666 0.07866666666666666 0.072
0 0.9616666666666667 0.161 0.07666666666666666 0.08866666666666666
0 0.755 0.057666666666666665 0.12066666666666666 0.11399999999999999
1 0.8506666666666667 0.029666666666666664 0.05733333333333333 0.049999999999999996
