0 0.16566666666666666 0.06933333333333333 0.142 0.13733333333333334
0 0.28933333333333333 0.06433333333333333 0.09733333333333333 0.11933333333333333
0 0.373 0.065 0.094 0.118
0 0.513 0.124 0.13933333333333334 0.14666666666666667
1 0.611 0.118 0.08466666666666667 0.096
0 0.8053333333333333 0.08433333333333333 0.16799999999999998 0.14866666666666667
0 0.9166666666666666 0.103 0.08133333333333333 0.11666666666666667
0 0.8416666666666667 0.20966666666666667 0.12333333333333332 0.12066666666666666
0 0.6463333333333333 0.23299999999999998 0.15 0.13133333333333333
0 0.3473333333333333 0.17766666666666667 0.104 0.08466666666666667
0 0.237 0.17733333333333332 0.086 0.06266666666666666
0 0.11533333333333333 0.19133333333333333 0.13733333333333334 0.10933333333333332
0 0.17166666666666666 0.285 0.15 0.142
0 0.296 0.2796666666666667 0.13466666666666666 0.13933333333333334
0 0.40499999999999997 0.2553333333333333 0.11933333333333333 0.12666666666666665
0 0.412 0.353 0.09466666666666666 0.07533333333333334
1 0.5256666666666666 0.33199999999999996 0.06333333333333332 0.06666666666666667
0 0.7296666666666667 0.3143333333333333 0.11933333333333333 0.086
0 0.6 0.424 0.104 0.12266666666666666
0 0.725 0.41766666666666663 0.14333333333333334 0.12866666666666665
0 0.706 0.522 0.13599999999999998 0.12666666666666665
1 0.38 0.4726666666666666 0.15866666666666665 0.156
1 0.21233333333333332 0.4923333333333333 0.048666666666666664 0.049999999999999996
1 0.17433333333333334 0.4026666666666667 0.11933333333333333 0.10133333333333333
0 0.05633333333333333 0.40599999999999997 0.11133333333333333 0.10533333333333333
1 0.10433333333333333 0.501 0.11266666666666666 0.08466666666666667
0 0.10766666666666666 0.61 0.18333333333333332 0.128
0 0.319 0.6843333333333333 0.11399999999999999 0.10733333333333334
0 0.4736666666666666 0.6566666666666666 0.174 0.15733333333333333
0 0.582 0.6463333333333333 0.10666666666666666 0.15266666666666667
0 0.6993333333333334 0.6343333333333333 0.144 0.14333333333333334
0 0.848 0.7116666666666667 0.13066666666666665 0.158
0 0.9533333333333333 0.7143333333333333 0.092 0.13933333333333334
0 0.7426666666666667 0.7656666666666666 0.13333333333333333 0.16066666666666665
0 0.8433333333333333 0.8483333333333333 0.104 0.126
0 0.8646666666666666 0.9189999999999999 0.16133333333333333 0.12066666666666666
0 0.6273333333333333 0.751 0.128 0.13
0 0.48266666666666663 0.8066666666666666 0.156 0.12933333333333333
0 0.62 0.8873333333333333 0.16666666666666666 0.13466666666666666
0 0.36466666666666664 0.894 0.19733333333333333 0.20666666666666667
1 0.29766666666666663 0.779 0.04733333333333333 0.043333333333333335
0 0.212 0.834 0.13066666666666665 0.10266666666666667
0 0.07833333333333332 0.849 0.14466666666666667 0.16733333333333333
0 0.13333333333333333 0.9413333333333334 0.12666666666666665 0.112
0 0.051 0.10366666666666666 0.10066666666666667 0.14333333333333334
0 0.4693333333333333 0.052 0.12133333333333333 0.10133333333333333
0 0.5916666666666667 0.043333333333333335 0.12466666666666666 0.08533333333333333
0 0.06966666666666667 0.301 0.13799999999999998 0.11933333333333333
1 0.7336666666666667 0.892 0.06333333333333332 0.058666666666666666
0 0.9463333333333332 0.8726666666666666 0.10733333333333334 0.15866666666666665
