0 0.148 0.8253333333333333 0.08666666666666667 0.11066666666666666
0 0.575 0.8303333333333333 0.07933333333333333 0.09533333333333333
1 0.579 0.9273333333333333 0.08466666666666667 0.104
1 0.49033333333333334 0.9169999999999999 0.09533333333333333 0.09133333333333334
1 0.6446666666666666 0.7533333333333333 0.10666666666666666 0.13066666666666665
0 0.7473333333333333 0.7336666666666667 0.06 0.09666666666666666
0 0.8216666666666667 0.726 0.08866666666666666 0.10933333333333332
1 0.9043333333333333 0.8266666666666667 0.11 0.12266666666666666
1 0.823 0.8646666666666666 0.08866666666666666 0.10133333333333333
1 0.7486666666666666 0.8236666666666667 0.09066666666666666 0.08333333333333333
1 0.6629999999999999 0.853 0.08066666666666666 0.08333333333333333
1 0.728 0.892 0.07333333333333333 0.07466666666666666
1 0.8126666666666666 0.945 0.09333333333333332 0.07533333333333334
0 0.35966666666666663 0.7733333333333333 0.05266666666666667 0.064
0 0.42166666666666663 0.733 0.11666666666666667 0.11933333333333333
0 0.05566666666666666 0.9366666666666666 0.10866666666666666 0.12666666666666665
0 0.22733333333333333 0.9323333333333333 0.10666666666666666 0.13533333333333333
0 0.30533333333333335 0.94 0.08266666666666667 0.12
0 0.366 0.941 0.06799999999999999 0.118
0 0.417 0.9366666666666666 0.07133333333333333 0.11066666666666666
0 0.6476666666666666 0.9096666666666666 0.046 0.05933333333333333
0 0.7126666666666667 0.952 0.132 0.096
0 0.9576666666666667 0.9173333333333333 0.08466666666666667 0.12
