0 0.08533333333333333 0.07233333333333333 0.09466666666666666 0.11399999999999999
0 0.18766666666666665 0.11233333333333333 0.09266666666666666 0.126
0 0.26866666666666666 0.13766666666666666 0.108 0.11666666666666667
0 0.11266666666666666 0.18 0.09866666666666667 0.09866666666666667
1 0.10766666666666666 0.2573333333333333 0.066 0.056
0 0.25766666666666665 0.23866666666666667 0.122 0.10666666666666666
0 0.27299999999999996 0.325 0.08866666666666666 0.08466666666666667
0 0.18866666666666665 0.30866666666666664 0.07066666666666667 0.08
0 0.10533333333333333 0.34299999999999997 0.096 0.118
1 0.19999999999999998 0.3763333333333333 0.09866666666666667 0.07933333333333333
1 0.177 0.43766666666666665 0.08333333333333333 0.08066666666666666
1 0.061 0.439 0.11 0.11399999999999999
1 0.048999999999999995 0.5296666666666666 0.08333333333333333 0.08066666666666666
0 0.298 0.4073333333333333 0.09733333333333333 0.07466666666666666
0 0.2693333333333333 0.45966666666666667 0.10933333333333332 0.08466666666666667
1 0.30433333333333334 0.5093333333333333 0.08466666666666667 0.07066666666666667
1 0.144 0.512 0.13599999999999998 0.096
0 0.059 0.603 0.094 0.08066666666666666
0 0.15266666666666667 0.606 0.10133333333333333 0.09466666666666666
1 0.22933333333333333 0.579 0.06799999999999999 0.07666666666666666
0 0.29366666666666663 0.5856666666666667 0.07533333333333334 0.082
0 0.23966666666666667 0.6796666666666666 0.11933333333333333 0.11933333333333333
0 0.15266666666666667 0.6843333333333333 0.07333333333333333 0.056666666666666664
0 0.07233333333333333 0.6753333333333333 0.07133333333333333 0.06133333333333333
0 0.153 0.7603333333333333 0.07933333333333333 0.086
0 0.06999999999999999 0.7553333333333333 0.09733333333333333 0.09866666666666667
1 0.08233333333333333 0.833 0.08333333333333333 0.062
0 0.10833333333333332 0.881 0.12066666666666666 0.08333333333333333
1 0.18333333333333332 0.859 0.05733333333333333 0.086
1 0.23266666666666666 0.7906666666666666 0.08933333333333333 0.08266666666666667
0 0.23666666666666666 0.8816666666666666 0.064 0.08733333333333333
0 0.30566666666666664 0.8963333333333333 0.056666666666666664 0.049999999999999996
0 0.3333333333333333 0.828 0.12666666666666665 0.10533333333333333
0 0.33699999999999997 0.7296666666666667 0.122 0.11666666666666667
0 0.4353333333333333 0.7136666666666667 0.11066666666666666 0.08733333333333333
0 0.45766666666666667 0.6466666666666666 0.142 0.09866666666666667
0 0.37166666666666665 0.5589999999999999 0.08866666666666666 0.11933333333333333
0 0.39866666666666667 0.479 0.09866666666666667 0.09266666666666666
0 0.45766666666666667 0.5453333333333333 0.09933333333333333 0.10133333333333333
0 0.384 0.3496666666666667 0.144 0.162
0 0.3813333333333333 0.21766666666666665 0.08933333333333333 0.09266666666666666
0 0.4723333333333333 0.25966666666666666 0.118 0.118
0 0.473 0.13433333333333333 0.10866666666666666 0.126
0 0.38266666666666665 0.10733333333333334 0.11333333333333333 0.12266666666666666
0 0.5796666666666667 0.094 0.08866666666666666 0.10933333333333332
0 0.6793333333333333 0.09266666666666666 0.10933333333333332 0.13466666666666666
0 0.7743333333333333 0.07266666666666667 0.10866666666666666 0.13599999999999998
0 0.9153333333333333 0.12666666666666665 0.09066666666666666 0.108
0 0.8203333333333334 0.244 0.11933333333333333 0.124
0 0.9239999999999999 0.21466666666666667 0.09999999999999999 0.09866666666666667
0 0.638 0.204 0.20533333333333334 0.15733333333333333
0 0.5479999999999999 0.3393333333333333 0.11333333333333333 0.11333333333333333
0 0.6333333333333333 0.32666666666666666 0.09866666666666667 0.10266666666666667
0 0.727 0.30933333333333335 0.07266666666666667 0.06266666666666666
0 0.7256666666666667 0.37 0.07533333333333334 0.072
0 0.884 0.35933333333333334 0.092 0.09066666666666666
0 0.8053333333333333 0.413 0.104 0.11133333333333333
0 0.7196666666666667 0.4623333333333333 0.11 0.126
1 0.7969999999999999 0.5023333333333333 0.08466666666666667 0.07933333333333333
0 0.884 0.49 0.09466666666666666 0.09066666666666666
0 0.6193333333333333 0.415 0.09866666666666667 0.09799999999999999
0 0.5943333333333333 0.49866666666666665 0.11533333333333333 0.09999999999999999
0 0.513 0.4463333333333333 0.122 0.15
0 0.5886666666666667 0.608 0.13733333333333334 0.13466666666666666
0 0.47866666666666663 0.7663333333333333 0.128 0.12333333333333332
0 0.4953333333333333 0.877 0.13866666666666666 0.11666666666666667
0 0.568 0.754 0.10133333333333333 0.10666666666666666
0 0.58 0.827 0.044 0.049999999999999996
0 0.6493333333333333 0.8023333333333333 0.07466666666666666 0.074
0 0.6493333333333333 0.8816666666666666 0.11333333333333333 0.09533333333333333
0 0.7423333333333333 0.7936666666666666 0.09666666666666666 0.086
0 0.7353333333333333 0.8746666666666666 0.07733333333333334 0.09866666666666667
1 0.8273333333333333 0.877 0.10266666666666667 0.11933333333333333
0 0.8313333333333333 0.7733333333333333 0.09466666666666666 0.11466666666666667
0 0.6886666666666666 0.5593333333333333 0.09866666666666667 0.13733333333333334
0 0.814 0.159 0.05733333333333333 0.04733333333333333
0 0.9563333333333333 0.4963333333333333 0.04733333333333333 0.05533333333333333
0 0.9416666666666667 0.5616666666666666 0.07666666666666666 0.08333333333333333
1 0.8716666666666666 0.5603333333333333 0.078 0.078
0 0.85 0.6266666666666666 0.09333333333333332 0.07466666666666666
0 0.7896666666666666 0.5696666666666667 0.09666666666666666 0.08333333333333333
1 0.7633333333333333 0.639 0.09999999999999999 0.08066666666666666
1 0.9263333333333333 0.691 0.11533333333333333 0.11666666666666667
1 0.9103333333333333 0.7773333333333333 0.07266666666666667 0.06799999999999999
1 0.9159999999999999 0.851 0.07466666666666666 0.09266666666666666
0 0.6789999999999999 0.706 0.14333333333333334 0.128
0 0.182 0.033999999999999996 0.11466666666666667 0.06666666666666667
0 0.036 0.21933333333333332 0.07066666666666667 0.13866666666666666
1 0.12533333333333332 0.949 0.09066666666666666 0.062
0 0.254 0.962 0.09066666666666666 0.076
0 0.35433333333333333 0.9566666666666667 0.122 0.08666666666666667
0 0.9226666666666666 0.6206666666666667 0.050666666666666665 0.048
