1 0.14866666666666667 0.089 0.09066666666666666 0.086
0 0.21866666666666665 0.16799999999999998 0.108 0.104
1 0.111 0.2633333333333333 0.09 0.10133333333333333
0 0.11699999999999999 0.356 0.118 0.09733333333333333
0 0.11233333333333333 0.4383333333333333 0.11 0.082
0 0.087 0.515 0.142 0.11
0 0.11699999999999999 0.6233333333333333 0.11533333333333333 0.10133333333333333
0 0.08333333333333333 0.729 0.11466666666666667 0.09
0 0.072 0.8453333333333333 0.12933333333333333 0.13733333333333334
0 0.056999999999999995 0.9473333333333332 0.102 0.09999999999999999
0 0.17166666666666666 0.9143333333333333 0.11933333333333333 0.15533333333333332
0 0.18166666666666667 0.739 0.118 0.14733333333333332
0 0.20366666666666666 0.5693333333333334 0.12466666666666666 0.13466666666666666
0 0.214 0.44 0.112 0.12666666666666665
0 0.438 0.104 0.072 0.07333333333333333
1 0.427 0.18 0.086 0.07066666666666667
0 0.425 0.26 0.09266666666666666 0.092
0 0.42933333333333334 0.33566666666666667 0.06799999999999999 0.04066666666666666
1 0.32966666666666666 0.301 0.08333333333333333 0.07666666666666666
1 0.324 0.3793333333333333 0.09999999999999999 0.072
0 0.425 0.4073333333333333 0.102 0.092
0 0.31466666666666665 0.45866666666666667 0.108 0.10266666666666667
0 0.3153333333333333 0.5613333333333334 0.096 0.10266666666666667
0 0.42866666666666664 0.5163333333333333 0.13599999999999998 0.12066666666666666
0 0.416 0.6146666666666667 0.13066666666666665 0.09866666666666667
0 0.30233333333333334 0.6749999999999999 0.122 0.11533333333333333
0 0.29533333333333334 0.7873333333333333 0.108 0.10666666666666666
0 0.409 0.8113333333333334 0.11399999999999999 0.13599999999999998
0 0.28833333333333333 0.9013333333333333 0.11933333333333333 0.13466666666666666
0 0.39366666666666666 0.9143333333333333 0.07266666666666667 0.08333333333333333
0 0.49033333333333334 0.9079999999999999 0.12333333333333332 0.11466666666666667
0 0.5106666666666666 0.826 0.09733333333333333 0.088
0 0.5293333333333333 0.7253333333333333 0.124 0.11333333333333333
0 0.6076666666666667 0.7663333333333333 0.04466666666666667 0.06466666666666666
0 0.541 0.606 0.106 0.12266666666666666
1 0.5273333333333333 0.09833333333333333 0.09999999999999999 0.082
1 0.5243333333333333 0.17099999999999999 0.10066666666666667 0.078
0 0.5306666666666666 0.24066666666666667 0.10133333333333333 0.09999999999999999
0 0.5133333333333333 0.33599999999999997 0.10266666666666667 0.10666666666666666
0 0.5443333333333333 0.44566666666666666 0.11533333333333333 0.11533333333333333
0 0.6166666666666667 0.5673333333333334 0.09333333333333332 0.13066666666666665
0 0.6903333333333334 0.4983333333333333 0.12866666666666665 0.11533333333333333
1 0.8096666666666666 0.48433333333333334 0.11 0.10733333333333334
0 0.9293333333333333 0.35366666666666663 0.13466666666666666 0.082
0 0.9139999999999999 0.2773333333333333 0.14266666666666666 0.076
1 0.9153333333333333 0.19366666666666665 0.13466666666666666 0.08866666666666666
0 0.7986666666666666 0.10866666666666666 0.13999999999999999 0.11066666666666666
1 0.7033333333333333 0.24566666666666667 0.09466666666666666 0.126
0 0.6153333333333333 0.2623333333333333 0.07066666666666667 0.07933333333333333
0 0.6276666666666666 0.34199999999999997 0.11266666666666666 0.108
0 0.7993333333333333 0.206 0.09466666666666666 0.07733333333333334
0 0.8086666666666666 0.36433333333333334 0.10133333333333333 0.10333333333333333
0 0.9363333333333334 0.45499999999999996 0.12066666666666666 0.118
0 0.8016666666666666 0.6066666666666667 0.146 0.124
0 0.6826666666666666 0.6113333333333333 0.10266666666666667 0.07466666666666666
0 0.6793333333333333 0.6843333333333333 0.12666666666666665 0.09533333333333333
0 0.697 0.7656666666666666 0.118 0.06999999999999999
0 0.6943333333333334 0.8536666666666667 0.14333333333333334 0.12333333333333332
0 0.8953333333333333 0.8623333333333333 0.16133333333333333 0.12066666666666666
0 0.8966666666666666 0.765 0.128 0.102
0 0.8076666666666666 0.7106666666666667 0.10866666666666666 0.09066666666666666
0 0.9306666666666666 0.601 0.12133333333333333 0.12866666666666665
1 0.9003333333333333 0.6863333333333334 0.048666666666666664 0.05266666666666667
0 0.416 0.7016666666666667 0.11333333333333333 0.09
0 0.08766666666666667 0.06766666666666667 0.11666666666666667 0.12733333333333333
0 0.3393333333333333 0.06799999999999999 0.13466666666666666 0.13466666666666666
0 0.33999999999999997 0.15733333333333333 0.07466666666666666 0.06133333333333333
0 0.2523333333333333 0.09833333333333333 0.078 0.06999999999999999
0 0.20566666666666666 0.2753333333333333 0.102 0.112
0 0.44066666666666665 0.035333333333333335 0.056 0.06
0 0.6303333333333333 0.08066666666666666 0.094 0.08266666666666667
0 0.6779999999999999 0.12066666666666666 0.088 0.09733333333333333
0 0.6906666666666667 0.9466666666666667 0.13866666666666666 0.10666666666666666
0 0.8013333333333333 0.9173333333333333 0.13866666666666666 0.16533333333333333
0 0.9073333333333333 0.9473333333333332 0.10266666666666667 0.10533333333333333
1 0.9656666666666667 0.7243333333333333 0.06866666666666667 0.11399999999999999
0 0.8039999999999999 0.2803333333333333 0.07866666666666666 0.06466666666666666
0 0.7963333333333333 0.036333333333333336 0.08066666666666666 0.062
1 0.9103333333333333 0.06866666666666667 0.13933333333333334 0.13599999999999998
