0 0.08966666666666666 0.6553333333333333 0.12466666666666666 0.09333333333333332
1 0.181 0.6233333333333333 0.049999999999999996 0.07066666666666667
0 0.23766666666666666 0.6106666666666667 0.074 0.124
1 0.301 0.5546666666666666 0.086 0.10533333333333333
1 0.07233333333333333 0.479 0.082 0.082
1 0.12766666666666665 0.5476666666666666 0.12066666666666666 0.106
0 0.047 0.39566666666666667 0.08733333333333333 0.07666666666666666
0 0.13433333333333333 0.36933333333333335 0.08066666666666666 0.096
1 0.19666666666666666 0.326 0.07733333333333334 0.06
0 0.22233333333333333 0.3983333333333333 0.082 0.11
0 0.29866666666666664 0.4106666666666667 0.07333333333333333 0.09333333333333332
0 0.382 0.39899999999999997 0.08133333333333333 0.10333333333333333
1 0.23966666666666667 0.058333333333333334 0.10866666666666666 0.11533333333333333
0 0.26566666666666666 0.3123333333333333 0.049999999999999996 0.056666666666666664
0 0.32 0.32666666666666666 0.06666666666666667 0.06933333333333333
0 0.3463333333333333 0.27066666666666667 0.08066666666666666 0.06533333333333333
0 0.4403333333333333 0.33366666666666667 0.05933333333333333 0.06333333333333332
0 0.33166666666666667 0.11233333333333333 0.118 0.126
0 0.429 0.09 0.11266666666666666 0.12666666666666665
0 0.44166666666666665 0.17466666666666666 0.056666666666666664 0.06266666666666666
0 0.48133333333333334 0.217 0.064 0.06333333333333332
1 0.5083333333333333 0.12666666666666665 0.06866666666666667 0.11066666666666666
1 0.5753333333333334 0.09066666666666666 0.10133333333333333 0.12
0 0.6423333333333333 0.05533333333333333 0.03933333333333333 0.06266666666666666
0 0.7803333333333333 0.079 0.054 0.056666666666666664
1 0.7116666666666667 0.10733333333333334 0.08333333333333333 0.09466666666666666
1 0.6583333333333333 0.16033333333333333 0.11266666666666666 0.08866666666666666
0 0.6503333333333333 0.22699999999999998 0.09799999999999999 0.078
1 0.5529999999999999 0.19533333333333333 0.08466666666666667 0.07066666666666667
1 0.5539999999999999 0.26266666666666666 0.06799999999999999 0.064
0 0.3473333333333333 0.21033333333333332 0.06799999999999999 0.049999999999999996
1 0.09866666666666667 0.2823333333333333 0.05466666666666666 0.05266666666666667
0 0.414 0.26266666666666666 0.06533333333333333 0.06133333333333333
0 0.4716666666666667 0.27199999999999996 0.08066666666666666 0.06799999999999999
0 0.523 0.35666666666666663 0.11133333333333333 0.12933333333333333
1 0.593 0.33499999999999996 0.051333333333333335 0.04733333333333333
0 0.864 0.047 0.09866666666666667 0.09266666666666666
0 0.12733333333333333 0.033 0.09066666666666666 0.06466666666666666
0 0.16966666666666666 0.06999999999999999 0.05933333333333333 0.058666666666666666
0 0.09566666666666666 0.08866666666666666 0.07933333333333333 0.06
0 0.049666666666666665 0.21233333333333332 0.078 0.086
