1 0.07366666666666666 0.091 0.07933333333333333 0.08333333333333333
1 0.163 0.08866666666666666 0.11133333333333333 0.12133333333333333
0 0.26366666666666666 0.06033333333333333 0.118 0.11399999999999999
0 0.37033333333333335 0.06433333333333333 0.11399999999999999 0.11933333333333333
0 0.5026666666666666 0.06566666666666666 0.132 0.12466666666666666
1 0.6043333333333333 0.076 0.074 0.088
0 0.8493333333333333 0.11566666666666667 0.15333333333333332 0.18333333333333332
0 0.625 0.174 0.10466666666666666 0.09733333333333333
0 0.511 0.16633333333333333 0.11266666666666666 0.118
1 0.39299999999999996 0.16566666666666666 0.10466666666666666 0.10066666666666667
0 0.284 0.16966666666666666 0.12533333333333332 0.11933333333333333
0 0.16966666666666666 0.185 0.12066666666666666 0.11133333333333333
1 0.08933333333333333 0.32166666666666666 0.09733333333333333 0.11266666666666666
0 0.18133333333333332 0.31366666666666665 0.11066666666666666 0.14066666666666666
0 0.27266666666666667 0.30666666666666664 0.09999999999999999 0.148
0 0.4043333333333333 0.2836666666666667 0.17666666666666667 0.15
0 0.389 0.40399999999999997 0.12333333333333332 0.12933333333333333
0 0.5796666666666667 0.2773333333333333 0.14733333333333332 0.10933333333333332
0 0.584 0.39299999999999996 0.18 0.182
0 0.7026666666666667 0.367 0.09866666666666667 0.106
0 0.9236666666666666 0.24833333333333332 0.146 0.13533333333333333
0 0.893 0.35866666666666663 0.182 0.15333333333333332
0 0.8706666666666666 0.48733333333333334 0.16266666666666665 0.12933333333333333
1 0.6563333333333333 0.4983333333333333 0.094 0.09
1 0.2763333333333333 0.43166666666666664 0.09533333333333333 0.08733333333333333
1 0.12233333333333334 0.446 0.118 0.09999999999999999
0 0.08833333333333333 0.5496666666666666 0.15 0.10733333333333334
0 0.06366666666666666 0.6553333333333333 0.11533333333333333 0.10666666666666666
0 0.16966666666666666 0.6413333333333333 0.11533333333333333 0.104
0 0.303 0.531 0.118 0.12466666666666666
1 0.43766666666666665 0.5323333333333333 0.126 0.11133333333333333
1 0.26466666666666666 0.6296666666666666 0.08 0.08333333333333333
1 0.36866666666666664 0.6323333333333333 0.08933333333333333 0.10066666666666667
0 0.5519999999999999 0.5936666666666667 0.11066666666666666 0.11399999999999999
1 0.9366666666666666 0.597 0.09999999999999999 0.09
1 0.6533333333333333 0.5853333333333333 0.064 0.06133333333333333
1 0.8236666666666667 0.5943333333333333 0.09799999999999999 0.09
0 0.7743333333333333 0.6809999999999999 0.06999999999999999 0.06999999999999999
0 0.13 0.842 0.13333333333333333 0.12
0 0.30633333333333335 0.7316666666666667 0.09666666666666666 0.09
1 0.4423333333333333 0.817 0.094 0.11133333333333333
1 0.5393333333333333 0.8143333333333334 0.09733333333333333 0.12466666666666666
0 0.5966666666666667 0.7143333333333333 0.128 0.11133333333333333
1 0.6256666666666666 0.7996666666666666 0.06999999999999999 0.07666666666666666
0 0.6789999999999999 0.7003333333333334 0.08466666666666667 0.11133333333333333
1 0.5666666666666667 0.9149999999999999 0.08533333333333333 0.082
0 0.7586666666666666 0.9056666666666666 0.09866666666666667 0.11399999999999999
0 0.45299999999999996 0.9293333333333333 0.12066666666666666 0.13333333333333333
0 0.35266666666666663 0.9313333333333333 0.13733333333333334 0.13733333333333334
1 0.259 0.9239999999999999 0.07533333333333334 0.06666666666666667
0 0.142 0.9486666666666667 0.10133333333333333 0.09999999999999999
0 0.7156666666666667 0.062 0.14466666666666667 0.12266666666666666
1 0.477 0.3943333333333333 0.05933333333333333 0.09133333333333334
0 0.21633333333333332 0.5353333333333333 0.033999999999999996 0.034666666666666665
1 0.034999999999999996 0.7603333333333333 0.06866666666666667 0.094
1 0.25466666666666665 0.8119999999999999 0.072 0.072
0 0.029333333333333333 0.843 0.05733333333333333 0.078
1 0.13233333333333333 0.7356666666666667 0.04733333333333333 0.05933333333333333
1 0.6583333333333333 0.9486666666666667 0.09533333333333333 0.09333333333333332
1 0.648 0.8833333333333333 0.08 0.08266666666666667
1 0.7423333333333333 0.8039999999999999 0.15933333333333333 0.17333333333333334
0 0.9326666666666666 0.9486666666666667 0.12533333333333332 0.10266666666666667
1 0.9486666666666667 0.861 0.10266666666666667 0.11933333333333333
0 0.97 0.46699999999999997 0.06 0.09
0 0.6783333333333333 0.25466666666666665 0.06733333333333333 0.09733333333333333
0 0.7553333333333333 0.2753333333333333 0.10266666666666667 0.11066666666666666
0 0.716 0.17233333333333334 0.072 0.07533333333333334
0 0.9626666666666667 0.12566666666666665 0.072 0.11266666666666666
