0 0.25866666666666666 0.13733333333333334 0.16799999999999998 0.17066666666666666
0 0.5196666666666666 0.09166666666666666 0.11266666666666666 0.11533333333333333
0 0.6113333333333333 0.057999999999999996 0.10133333333333333 0.10133333333333333
0 0.6626666666666666 0.14366666666666666 0.12666666666666665 0.11666666666666667
0 0.7793333333333333 0.143 0.09866666666666667 0.118
0 0.8923333333333333 0.145 0.12466666666666666 0.18066666666666667
0 0.6709999999999999 0.26766666666666666 0.14866666666666667 0.14333333333333334
0 0.5499999999999999 0.178 0.12933333333333333 0.13333333333333333
0 0.3853333333333333 0.221 0.13066666666666665 0.14733333333333332
0 0.368 0.3283333333333333 0.10133333333333333 0.08866666666666666
1 0.17099999999999999 0.27799999999999997 0.09 0.072
0 0.14833333333333332 0.3893333333333333 0.21533333333333332 0.14133333333333334
0 0.475 0.37766666666666665 0.16866666666666666 0.15133333333333332
0 0.6283333333333333 0.4513333333333333 0.18866666666666665 0.16533333333333333
0 0.7949999999999999 0.349 0.122 0.142
0 0.8686666666666666 0.41233333333333333 0.128 0.14866666666666667
0 0.9606666666666667 0.4013333333333333 0.07866666666666666 0.10133333333333333
0 0.948 0.48666666666666664 0.092 0.092
0 0.8046666666666666 0.5086666666666666 0.19466666666666665 0.16133333333333333
0 0.40199999999999997 0.5183333333333333 0.13599999999999998 0.14733333333333332
0 0.305 0.5356666666666666 0.11133333333333333 0.11533333333333333
0 0.10833333333333332 0.6893333333333334 0.15933333333333333 0.12533333333333332
0 0.494 0.5806666666666667 0.13333333333333333 0.164
0 0.62 0.5906666666666667 0.13333333333333333 0.14133333333333334
0 0.7306666666666667 0.6606666666666666 0.12933333333333333 0.132
0 0.8806666666666666 0.606 0.104 0.09466666666666666
0 0.7963333333333333 0.7366666666666667 0.11666666666666667 0.12533333333333332
0 0.6629999999999999 0.7426666666666667 0.15 0.13733333333333334
0 0.6563333333333333 0.8786666666666666 0.186 0.13999999999999999
0 0.131 0.5706666666666667 0.14733333333333332 0.10933333333333332
0 0.18066666666666667 0.9226666666666666 0.12666666666666665 0.14666666666666667
0 0.5126666666666666 0.7203333333333333 0.10133333333333333 0.11533333333333333
0 0.42266666666666663 0.13433333333333333 0.048 0.049999999999999996
0 0.08133333333333333 0.27 0.072 0.09333333333333332
0 0.541 0.284 0.10333333333333333 0.07866666666666666
0 0.2553333333333333 0.6336666666666666 0.06133333333333333 0.06866666666666667
1 0.36966666666666664 0.6313333333333333 0.05266666666666667 0.07733333333333334
0 0.024999999999999998 0.8156666666666667 0.04733333333333333 0.082
0 0.5986666666666667 0.688 0.05733333333333333 0.058666666666666666
0 0.9243333333333333 0.729 0.15133333333333332 0.16999999999999998
0 0.6923333333333334 0.36033333333333334 0.08466666666666667 0.09133333333333334
0 0.8743333333333333 0.3193333333333333 0.03266666666666666 0.03733333333333333
0 0.9713333333333333 0.11566666666666667 0.05733333333333333 0.08866666666666666
0 0.723 0.050666666666666665 0.14466666666666667 0.09999999999999999
0 0.823 0.03666666666666667 0.082 0.072
