0 0.16666666666666666 0.10266666666666667 0.16266666666666665 0.19599999999999998
0 0.311 0.081 0.12066666666666666 0.11133333333333333
0 0.4343333333333333 0.057999999999999996 0.21 0.11466666666666667
0 0.7893333333333333 0.10099999999999999 0.13599999999999998 0.15933333333333333
0 0.896 0.20099999999999998 0.19599999999999998 0.174
0 0.575 0.2603333333333333 0.118 0.11933333333333333
0 0.45199999999999996 0.20466666666666666 0.16133333333333333 0.192
0 0.29666666666666663 0.21033333333333332 0.192 0.18066666666666667
0 0.08 0.238 0.156 0.128
0 0.14866666666666667 0.3343333333333333 0.13999999999999999 0.162
0 0.2603333333333333 0.304 0.106 0.096
0 0.30566666666666664 0.4053333333333333 0.13799999999999998 0.16799999999999998
0 0.42433333333333334 0.40099999999999997 0.15 0.18733333333333332
0 0.525 0.37666666666666665 0.09799999999999999 0.11066666666666666
0 0.5443333333333333 0.4746666666666666 0.146 0.104
0 0.6256666666666666 0.369 0.11399999999999999 0.12066666666666666
0 0.739 0.3283333333333333 0.17133333333333334 0.17533333333333334
0 0.868 0.3143333333333333 0.132 0.12733333333333333
0 0.9223333333333333 0.41766666666666663 0.15133333333333332 0.14866666666666667
0 0.8033333333333333 0.529 0.13866666666666666 0.11266666666666666
0 0.6633333333333333 0.4703333333333333 0.128 0.11533333333333333
0 0.6729999999999999 0.5763333333333334 0.13666666666666666 0.11266666666666666
0 0.5616666666666666 0.568 0.09799999999999999 0.08399999999999999
0 0.8346666666666667 0.638 0.17866666666666667 0.108
0 0.7716666666666666 0.7336666666666667 0.13933333333333334 0.11666666666666667
0 0.9173333333333333 0.7413333333333333 0.156 0.12666666666666665
0 0.8196666666666667 0.8543333333333333 0.17933333333333332 0.142
0 0.5613333333333334 0.6629999999999999 0.13733333333333334 0.122
0 0.5536666666666666 0.776 0.11933333333333333 0.112
0 0.43266666666666664 0.7026666666666667 0.18266666666666667 0.20666666666666667
0 0.22 0.5253333333333333 0.19999999999999998 0.20266666666666666
0 0.11366666666666667 0.6146666666666667 0.17666666666666667 0.18
0 0.15033333333333332 0.7693333333333333 0.15133333333333332 0.12933333333333333
0 0.364 0.9039999999999999 0.17333333333333334 0.184
0 0.6443333333333333 0.07933333333333333 0.16599999999999998 0.15733333333333333
0 0.06866666666666667 0.36266666666666664 0.13599999999999998 0.16
0 0.35833333333333334 0.5826666666666667 0.03933333333333333 0.042666666666666665
0 0.066 0.768 0.06666666666666667 0.08666666666666667
1 0.5553333333333333 0.8743333333333333 0.058666666666666666 0.06066666666666667
1 0.174 0.9553333333333333 0.06 0.04533333333333333
0 0.9189999999999999 0.9496666666666667 0.15 0.10066666666666667
0 0.9423333333333334 0.8513333333333333 0.11266666666666666 0.12666666666666665
0 0.96 0.32666666666666666 0.06799999999999999 0.08
