0 0.09633333333333333 0.13433333333333333 0.11133333333333333 0.126
0 0.212 0.11633333333333333 0.13066666666666665 0.12866666666666665
0 0.318 0.122 0.09333333333333332 0.088
0 0.3 0.22166666666666665 0.13466666666666666 0.11266666666666666
0 0.189 0.21066666666666667 0.09533333333333333 0.09866666666666667
0 0.09366666666666666 0.242 0.106 0.07733333333333334
0 0.055 0.3213333333333333 0.094 0.10533333333333333
0 0.14566666666666667 0.31866666666666665 0.08733333333333333 0.09733333333333333
0 0.236 0.29866666666666664 0.09866666666666667 0.09999999999999999
0 0.23199999999999998 0.40199999999999997 0.12133333333333333 0.10266666666666667
0 0.3403333333333333 0.317 0.10733333333333334 0.11666666666666667
0 0.4043333333333333 0.23366666666666666 0.082 0.086
0 0.42633333333333334 0.147 0.082 0.082
0 0.45 0.06233333333333333 0.06266666666666666 0.082
0 0.35433333333333333 0.045 0.04066666666666666 0.04466666666666667
0 0.532 0.049666666666666665 0.08533333333333333 0.09
0 0.5213333333333333 0.13366666666666666 0.09733333333333333 0.078
0 0.519 0.22333333333333333 0.08866666666666666 0.10933333333333332
0 0.6266666666666666 0.221 0.07066666666666667 0.078
0 0.605 0.13933333333333334 0.07266666666666667 0.06133333333333333
0 0.7263333333333333 0.21433333333333332 0.08733333333333333 0.09133333333333334
0 0.734 0.05566666666666666 0.06933333333333333 0.08066666666666666
0 0.9299999999999999 0.283 0.09999999999999999 0.12866666666666665
0 0.9423333333333334 0.16899999999999998 0.10866666666666666 0.11266666666666666
0 0.7859999999999999 0.30266666666666664 0.12666666666666665 0.132
0 0.8783333333333333 0.411 0.12466666666666666 0.11266666666666666
0 0.7923333333333333 0.3913333333333333 0.041999999999999996 0.042666666666666665
0 0.43666666666666665 0.32966666666666666 0.092 0.086
0 0.331 0.4106666666666667 0.08333333333333333 0.07333333333333333
0 0.42733333333333334 0.42266666666666663 0.10266666666666667 0.08933333333333333
0 0.5466666666666666 0.40499999999999997 0.11066666666666666 0.118
0 0.6346666666666666 0.4136666666666666 0.07333333333333333 0.07666666666666666
0 0.7203333333333333 0.44466666666666665 0.086 0.09733333333333333
0 0.8936666666666666 0.511 0.078 0.082
0 0.5943333333333333 0.488 0.046 0.058666666666666666
0 0.65 0.496 0.06266666666666666 0.09733333333333333
0 0.6706666666666666 0.5746666666666667 0.07066666666666667 0.07333333333333333
0 0.7333333333333333 0.54 0.112 0.124
0 0.852 0.5706666666666667 0.14133333333333334 0.16
0 0.6923333333333334 0.728 0.106 0.12533333333333332
0 0.8176666666666667 0.7256666666666667 0.15 0.15
0 0.498 0.515 0.08 0.06866666666666667
0 0.54 0.5866666666666667 0.06533333333333333 0.06133333333333333
0 0.485 0.6573333333333333 0.08733333333333333 0.08933333333333333
0 0.589 0.6593333333333333 0.10466666666666666 0.09866666666666667
0 0.6013333333333333 0.747 0.088 0.08466666666666667
0 0.6583333333333333 0.838 0.146 0.10266666666666667
0 0.65 0.9353333333333333 0.08133333333333333 0.09999999999999999
0 0.5296666666666666 0.9239999999999999 0.08866666666666666 0.08666666666666667
0 0.48533333333333334 0.867 0.092 0.09666666666666666
0 0.42366666666666664 0.774 0.08466666666666667 0.06933333333333333
0 0.379 0.871 0.08466666666666667 0.08066666666666666
0 0.41333333333333333 0.944 0.06133333333333333 0.07066666666666667
0 0.309 0.942 0.09666666666666666 0.09466666666666666
0 0.19933333333333333 0.8496666666666667 0.092 0.082
0 0.188 0.9516666666666667 0.09999999999999999 0.08333333333333333
0 0.125 0.8883333333333333 0.054 0.048666666666666664
0 0.313 0.692 0.11399999999999999 0.12533333333333332
0 0.39799999999999996 0.6799999999999999 0.058666666666666666 0.06266666666666666
0 0.377 0.576 0.05533333333333333 0.04533333333333333
0 0.39299999999999996 0.6216666666666667 0.054 0.048666666666666664
0 0.27499999999999997 0.578 0.035333333333333335 0.03866666666666667
0 0.31266666666666665 0.5469999999999999 0.029333333333333333 0.04066666666666666
0 0.355 0.517 0.094 0.094
0 0.2583333333333333 0.49766666666666665 0.07666666666666666 0.07266666666666667
0 0.16333333333333333 0.7733333333333333 0.09999999999999999 0.08133333333333333
0 0.10333333333333333 0.6779999999999999 0.12533333333333332 0.10533333333333333
0 0.216 0.6843333333333333 0.08933333333333333 0.11533333333333333
0 0.093 0.5783333333333334 0.11533333333333333 0.078
0 0.16533333333333333 0.517 0.11466666666666667 0.16066666666666665
0 0.743 0.9306666666666666 0.08733333333333333 0.09999999999999999
0 0.8476666666666667 0.9066666666666666 0.14733333333333332 0.17866666666666667
0 0.9413333333333334 0.9076666666666666 0.11733333333333333 0.16733333333333333
0 0.484 0.967 0.064 0.06066666666666667
0 0.29666666666666663 0.8723333333333333 0.056 0.04733333333333333
0 0.043333333333333335 0.05366666666666667 0.08533333333333333 0.106
0 0.13433333333333333 0.048666666666666664 0.122 0.09466666666666666
0 0.07033333333333333 0.47833333333333333 0.13933333333333334 0.15666666666666665
0 0.023666666666666666 0.6819999999999999 0.04466666666666667 0.08133333333333333
0 0.043333333333333335 0.7703333333333333 0.08533333333333333 0.094
0 0.10366666666666666 0.851 0.05933333333333333 0.054
0 0.086 0.947 0.11066666666666666 0.106
0 0.5066666666666666 0.7686666666666666 0.03866666666666667 0.048
0 0.3486666666666667 0.7433333333333333 0.04533333333333333 0.04666666666666666
0 0.9369999999999999 0.4423333333333333 0.05266666666666667 0.062
1 0.9196666666666666 0.33699999999999997 0.066 0.049999999999999996
1 0.8193333333333334 0.10733333333333334 0.042666666666666665 0.056
1 0.9329999999999999 0.057666666666666665 0.12333333333333332 0.106
0 0.6283333333333333 0.041666666666666664 0.09133333333333334 0.082
0 0.7016666666666667 0.030333333333333334 0.066 0.05933333333333333
