0 0.73 0.15933333333333333 0.11733333333333333 0.124
0 0.7433333333333333 0.048666666666666664 0.11466666666666667 0.08933333333333333
0 0.8393333333333333 0.11466666666666667 0.10666666666666666 0.11733333333333333
0 0.9433333333333334 0.20466666666666666 0.10666666666666666 0.10533333333333333
0 0.8246666666666667 0.24333333333333332 0.13333333333333333 0.13466666666666666
0 0.8986666666666666 0.3453333333333333 0.12133333333333333 0.14666666666666667
0 0.6993333333333334 0.288 0.09333333333333332 0.10133333333333333
0 0.8059999999999999 0.3813333333333333 0.12266666666666666 0.15733333333333333
0 0.612 0.3253333333333333 0.10533333333333333 0.12
0 0.6793333333333333 0.422 0.216 0.156
0 0.8546666666666667 0.4746666666666666 0.13466666666666666 0.11466666666666667
0 0.852 0.598 0.13999999999999999 0.172
0 0.7226666666666667 0.5813333333333334 0.132 0.13866666666666666
0 0.9299999999999999 0.772 0.11733333333333333 0.13066666666666665
1 0.8293333333333333 0.774 0.10533333333333333 0.11333333333333333
1 0.7453333333333333 0.7873333333333333 0.11333333333333333 0.10533333333333333
1 0.33466666666666667 0.18266666666666667 0.13999999999999999 0.128
1 0.3913333333333333 0.292 0.112 0.10133333333333333
1 0.504 0.356 0.11866666666666666 0.11466666666666667
0 0.4106666666666667 0.38666666666666666 0.10266666666666667 0.08266666666666667
1 0.2866666666666667 0.30266666666666664 0.11866666666666666 0.09866666666666667
1 0.15533333333333332 0.24533333333333332 0.11733333333333333 0.09066666666666666
1 0.192 0.33066666666666666 0.10266666666666667 0.07466666666666666
1 0.102 0.36466666666666664 0.11733333333333333 0.11066666666666666
1 0.20199999999999999 0.42733333333333334 0.13866666666666666 0.11599999999999999
0 0.31066666666666665 0.412 0.09466666666666666 0.096
0 0.38666666666666666 0.48133333333333334 0.12933333333333333 0.10933333333333332
1 0.5986666666666667 0.506 0.12933333333333333 0.108
1 0.5066666666666666 0.5459999999999999 0.09999999999999999 0.09466666666666666
1 0.6213333333333333 0.6286666666666666 0.11599999999999999 0.132
0 0.4033333333333333 0.5966666666666667 0.12533333333333332 0.11333333333333333
1 0.27799999999999997 0.5066666666666666 0.09333333333333332 0.09333333333333332
1 0.18933333333333333 0.5293333333333333 0.10533333333333333 0.07733333333333334
0 0.08733333333333333 0.6066666666666667 0.128 0.18933333333333333
1 0.2826666666666667 0.6113333333333333 0.148 0.11333333333333333
1 0.16933333333333334 0.6293333333333333 0.11866666666666666 0.13866666666666666
0 0.11866666666666666 0.73 0.09733333333333333 0.06533333333333333
1 0.21 0.7386666666666667 0.09333333333333332 0.09066666666666666
0 0.30733333333333335 0.734 0.12533333333333332 0.13999999999999999
0 0.5026666666666666 0.656 0.108 0.10933333333333332
1 0.6873333333333334 0.6953333333333334 0.088 0.08933333333333333
1 0.5973333333333333 0.72 0.11333333333333333 0.128
0 0.5013333333333333 0.7566666666666666 0.09466666666666666 0.092
1 0.04466666666666667 0.26066666666666666 0.08666666666666667 0.096
1 0.047 0.48466666666666663 0.09266666666666666 0.10666666666666666
0 0.13466666666666666 0.9069999999999999 0.04933333333333333 0.046
0 0.45066666666666666 0.8613333333333333 0.08666666666666667 0.10533333333333333
0 0.352 0.8733333333333333 0.06933333333333333 0.07466666666666666
0 0.8203333333333334 0.8573333333333333 0.07533333333333334 0.08266666666666667
0 0.838 0.9393333333333334 0.07466666666666666 0.08
0 0.9473333333333332 0.5529999999999999 0.10533333333333333 0.11
0 0.957 0.4453333333333333 0.086 0.14533333333333334
0 0.9416666666666667 0.088 0.11666666666666667 0.13599999999999998
