1 0.127 0.12833333333333333 0.10866666666666666 0.142
0 0.286 0.19066666666666665 0.104 0.12
0 0.08466666666666667 0.39 0.13999999999999999 0.112
0 0.15333333333333332 0.4593333333333333 0.128 0.07066666666666667
0 0.16233333333333333 0.5563333333333333 0.14333333333333334 0.118
0 0.09166666666666666 0.6646666666666666 0.162 0.13466666666666666
0 0.039 0.7796666666666666 0.07133333333333333 0.094
0 0.12366666666666666 0.7873333333333333 0.09533333333333333 0.13999999999999999
0 0.211 0.746 0.08733333333333333 0.13066666666666665
0 0.2786666666666667 0.64 0.164 0.14266666666666666
0 0.39499999999999996 0.655 0.10866666666666666 0.118
0 0.4583333333333333 0.7483333333333333 0.11533333333333333 0.12866666666666665
0 0.30166666666666664 0.7626666666666666 0.12066666666666666 0.09999999999999999
0 0.2063333333333333 0.862 0.094 0.104
0 0.3133333333333333 0.86 0.13066666666666665 0.11066666666666666
0 0.12166666666666666 0.899 0.094 0.09133333333333334
0 0.051333333333333335 0.9163333333333333 0.06266666666666666 0.102
0 0.25566666666666665 0.9316666666666666 0.09533333333333333 0.102
0 0.427 0.8816666666666666 0.106 0.14333333333333334
0 0.5466666666666666 0.849 0.13066666666666665 0.13933333333333334
1 0.36033333333333334 0.5363333333333333 0.094 0.08866666666666666
0 0.307 0.4623333333333333 0.118 0.11266666666666666
0 0.46099999999999997 0.41333333333333333 0.17933333333333332 0.13733333333333334
0 0.47833333333333333 0.5136666666666666 0.12466666666666666 0.07933333333333333
0 0.4706666666666667 0.5946666666666667 0.104 0.09999999999999999
0 0.5783333333333334 0.569 0.086 0.15133333333333332
0 0.6553333333333333 0.6366666666666666 0.16799999999999998 0.108
0 0.691 0.7413333333333333 0.16733333333333333 0.12933333333333333
0 0.7946666666666666 0.8216666666666667 0.16799999999999998 0.12066666666666666
0 0.8633333333333333 0.7376666666666667 0.144 0.11933333333333333
0 0.8543333333333333 0.647 0.082 0.09533333333333333
0 0.772 0.615 0.104 0.12866666666666665
0 0.6759999999999999 0.528 0.13599999999999998 0.10533333333333333
0 0.6866666666666666 0.421 0.13333333333333333 0.122
0 0.5863333333333333 0.36366666666666664 0.08733333333333333 0.10466666666666666
1 0.5479999999999999 0.25466666666666665 0.108 0.12266666666666666
0 0.5876666666666667 0.108 0.118 0.132
0 0.635 0.208 0.08466666666666667 0.132
0 0.6943333333333334 0.23299999999999998 0.08466666666666667 0.14066666666666666
0 0.7306666666666667 0.30233333333333334 0.096 0.11
0 0.7866666666666666 0.3893333333333333 0.09733333333333333 0.128
0 0.8963333333333333 0.3893333333333333 0.122 0.13333333333333333
0 0.9076666666666666 0.5376666666666666 0.16066666666666665 0.14733333333333332
0 0.7883333333333333 0.4676666666666667 0.057999999999999996 0.056666666666666664
0 0.859 0.303 0.094 0.07533333333333334
0 0.859 0.213 0.15266666666666667 0.11666666666666667
1 0.7416666666666667 0.16166666666666665 0.11533333333333333 0.122
1 0.7743333333333333 0.08133333333333333 0.12466666666666666 0.09866666666666667
0 0.9043333333333333 0.11399999999999999 0.126 0.09733333333333333
1 0.6743333333333333 0.06933333333333333 0.06999999999999999 0.10133333333333333
0 0.9423333333333334 0.83 0.10866666666666666 0.13733333333333334
0 0.174 0.06166666666666666 0.12666666666666665 0.12066666666666666
1 0.31 0.07866666666666666 0.17066666666666666 0.15333333333333332
0 0.049999999999999996 0.4983333333333333 0.09866666666666667 0.142
0 0.07166666666666667 0.5743333333333334 0.07133333333333333 0.054
1 0.174 0.957 0.07866666666666666 0.086
0 0.5373333333333333 0.9319999999999999 0.23066666666666666 0.13599999999999998
0 0.94 0.6506666666666666 0.12 0.11733333333333333
0 0.95 0.45766666666666667 0.09999999999999999 0.09799999999999999
