0 0.52 0.39399999999999996 0.13599999999999998 0.13999999999999999
0 0.38966666666666666 0.522 0.13666666666666666 0.13733333333333334
0 0.516 0.5183333333333333 0.12266666666666666 0.11133333333333333
0 0.7216666666666667 0.44266666666666665 0.11133333333333333 0.12133333333333333
1 0.827 0.45399999999999996 0.10866666666666666 0.12933333333333333
0 0.779 0.5623333333333334 0.11 0.09266666666666666
1 0.9293333333333333 0.5733333333333334 0.12933333333333333 0.11466666666666667
0 0.3773333333333333 0.6533333333333333 0.13066666666666665 0.13333333333333333
0 0.5146666666666666 0.6233333333333333 0.13333333333333333 0.09866666666666667
0 0.5083333333333333 0.7266666666666667 0.146 0.12266666666666666
0 0.6396666666666666 0.7803333333333333 0.09666666666666666 0.10466666666666666
1 0.7633333333333333 0.694 0.108 0.13999999999999999
1 0.8396666666666667 0.7053333333333333 0.05266666666666667 0.09333333333333332
0 0.9089999999999999 0.7916666666666666 0.14466666666666667 0.15133333333333332
0 0.8293333333333333 0.8596666666666667 0.13733333333333334 0.146
0 0.3456666666666667 0.8483333333333333 0.15133333333333332 0.15933333333333333
1 0.391 0.747 0.08066666666666666 0.074
1 0.48533333333333334 0.8553333333333333 0.13866666666666666 0.17333333333333334
0 0.6669999999999999 0.9059999999999999 0.14333333333333334 0.15866666666666665
0 0.5716666666666667 0.873 0.06733333333333333 0.08066666666666666
0 0.5686666666666667 0.9503333333333333 0.14133333333333334 0.09933333333333333
0 0.3343333333333333 0.955 0.12066666666666666 0.09
0 0.7636666666666666 0.9189999999999999 0.07133333333333333 0.106
0 0.8466666666666667 0.9746666666666667 0.06799999999999999 0.050666666666666665
0 0.9359999999999999 0.9306666666666666 0.10133333333333333 0.11866666666666666
0 0.892 0.6643333333333333 0.08533333333333333 0.08333333333333333
