0 0.26866666666666666 0.08866666666666666 0.11066666666666666 0.13733333333333334
0 0.38566666666666666 0.07266666666666667 0.15 0.14133333333333334
0 0.503 0.09633333333333333 0.08466666666666667 0.094
0 0.639 0.10099999999999999 0.18733333333333332 0.19
0 0.39566666666666667 0.19966666666666666 0.14333333333333334 0.14333333333333334
0 0.525 0.21366666666666667 0.11 0.14333333333333334
0 0.187 0.17266666666666666 0.08333333333333333 0.07733333333333334
0 0.22733333333333333 0.28733333333333333 0.164 0.16533333333333333
0 0.11433333333333333 0.37866666666666665 0.11399999999999999 0.12666666666666665
0 0.20966666666666667 0.39899999999999997 0.08733333333333333 0.10066666666666667
0 0.284 0.42 0.10533333333333333 0.10533333333333333
0 0.36533333333333334 0.30033333333333334 0.14533333333333334 0.16333333333333333
0 0.37766666666666665 0.41633333333333333 0.09 0.08733333333333333
0 0.47766666666666663 0.39699999999999996 0.15133333333333332 0.19266666666666665
0 0.6043333333333333 0.3843333333333333 0.11266666666666666 0.15666666666666665
0 0.711 0.2776666666666667 0.22066666666666665 0.15133333333333332
0 0.7143333333333333 0.42233333333333334 0.11933333333333333 0.15
0 0.8303333333333333 0.40399999999999997 0.12066666666666666 0.16266666666666665
0 0.9313333333333333 0.41233333333333333 0.08933333333333333 0.17666666666666667
0 0.825 0.565 0.174 0.16466666666666666
0 0.9193333333333333 0.6353333333333333 0.13466666666666666 0.13866666666666666
0 0.6973333333333334 0.533 0.09066666666666666 0.09533333333333333
0 0.5943333333333333 0.533 0.146 0.14866666666666667
0 0.41433333333333333 0.5263333333333333 0.15 0.12066666666666666
0 0.29466666666666663 0.5253333333333333 0.096 0.108
0 0.182 0.5073333333333333 0.124 0.11599999999999999
0 0.16033333333333333 0.6343333333333333 0.16066666666666665 0.12866666666666665
0 0.2896666666666667 0.6266666666666666 0.09666666666666666 0.09733333333333333
0 0.473 0.6386666666666666 0.19133333333333333 0.16
0 0.38066666666666665 0.729 0.132 0.126
0 0.594 0.7203333333333333 0.13866666666666666 0.146
0 0.707 0.742 0.102 0.14133333333333334
0 0.8303333333333333 0.712 0.15133333333333332 0.17066666666666666
0 0.20566666666666666 0.76 0.12066666666666666 0.12533333333333332
0 0.089 0.769 0.126 0.154
0 0.13066666666666665 0.883 0.16533333333333333 0.10466666666666666
0 0.3416666666666667 0.8946666666666666 0.08466666666666667 0.09999999999999999
0 0.448 0.883 0.128 0.146
0 0.5293333333333333 0.819 0.15733333333333333 0.16599999999999998
0 0.6776666666666666 0.8906666666666666 0.12066666666666666 0.14133333333333334
0 0.7896666666666666 0.8316666666666667 0.11933333333333333 0.118
0 0.9083333333333333 0.8626666666666667 0.12333333333333332 0.13599999999999998
0 0.175 0.06999999999999999 0.13266666666666665 0.13866666666666666
0 0.08433333333333333 0.14566666666666667 0.16733333333333333 0.18066666666666667
0 0.27799999999999997 0.19799999999999998 0.08533333333333333 0.08666666666666667
1 0.12766666666666665 0.2816666666666667 0.06733333333333333 0.06333333333333332
0 0.478 0.305 0.088 0.08333333333333333
0 0.035333333333333335 0.36833333333333335 0.06933333333333333 0.16466666666666666
0 0.06466666666666666 0.522 0.128 0.18533333333333332
0 0.03666666666666667 0.707 0.072 0.13799999999999998
0 0.04033333333333333 0.9139999999999999 0.07933333333333333 0.13866666666666666
0 0.5863333333333333 0.9463333333333332 0.12866666666666665 0.10733333333333334
0 0.6869999999999999 0.9766666666666667 0.07266666666666667 0.04666666666666666
0 0.8176666666666667 0.9456666666666667 0.16733333333333333 0.10866666666666666
