0 0.13833333333333334 0.09833333333333333 0.142 0.12866666666666665
0 0.27066666666666667 0.08566666666666667 0.13999999999999999 0.12066666666666666
0 0.4646666666666667 0.09899999999999999 0.08666666666666667 0.08333333333333333
0 0.48133333333333334 0.19666666666666666 0.12 0.13466666666666666
0 0.5946666666666667 0.15533333333333332 0.13466666666666666 0.16799999999999998
0 0.6923333333333334 0.072 0.09133333333333334 0.09866666666666667
0 0.7673333333333333 0.106 0.16133333333333333 0.15866666666666665
0 0.7526666666666666 0.23533333333333334 0.13999999999999999 0.13599999999999998
0 0.901 0.19533333333333333 0.17133333333333334 0.22666666666666666
1 0.469 0.3733333333333333 0.11666666666666667 0.11466666666666667
0 0.46099999999999997 0.4623333333333333 0.10733333333333334 0.09
0 0.45299999999999996 0.5516666666666666 0.118 0.11133333333333333
1 0.36033333333333334 0.5616666666666666 0.08866666666666666 0.078
0 0.36833333333333335 0.6406666666666666 0.082 0.08399999999999999
0 0.4653333333333333 0.642 0.10133333333333333 0.07466666666666666
0 0.4443333333333333 0.7356666666666667 0.14866666666666667 0.126
1 0.4583333333333333 0.892 0.102 0.10533333333333333
0 0.30833333333333335 0.8816666666666666 0.08733333333333333 0.13533333333333333
1 0.37866666666666665 0.9056666666666666 0.058666666666666666 0.102
1 0.4403333333333333 0.8203333333333334 0.13799999999999998 0.054
0 0.5763333333333334 0.7866666666666666 0.11533333333333333 0.13599999999999998
0 0.5876666666666667 0.9183333333333333 0.11266666666666666 0.11666666666666667
0 0.694 0.9219999999999999 0.13066666666666665 0.12933333333333333
0 0.8603333333333333 0.9413333333333334 0.12466666666666666 0.09333333333333332
0 0.8376666666666667 0.8503333333333333 0.12066666666666666 0.086
0 0.866 0.7636666666666666 0.172 0.12066666666666666
0 0.6886666666666666 0.813 0.132 0.094
0 0.657 0.7103333333333333 0.13799999999999998 0.11666666666666667
1 0.7613333333333333 0.706 0.09866666666666667 0.10266666666666667
0 0.878 0.6516666666666666 0.13466666666666666 0.11933333333333333
0 0.7633333333333333 0.6053333333333333 0.09999999999999999 0.09333333333333332
0 0.6769999999999999 0.597 0.07533333333333334 0.10466666666666666
0 0.573 0.6016666666666667 0.12733333333333333 0.142
0 0.584 0.30233333333333334 0.18 0.146
0 0.5736666666666667 0.3913333333333333 0.118 0.08533333333333333
0 0.5716666666666667 0.47866666666666663 0.11933333333333333 0.10666666666666666
0 0.6826666666666666 0.4723333333333333 0.092 0.15266666666666667
0 0.8786666666666666 0.5303333333333333 0.13333333333333333 0.12866666666666665
1 0.7673333333333333 0.39366666666666666 0.08666666666666667 0.086
0 0.772 0.49 0.10133333333333333 0.11866666666666666
0 0.8756666666666666 0.36566666666666664 0.14466666666666667 0.17533333333333334
0 0.15 0.21566666666666667 0.14266666666666666 0.12733333333333333
0 0.254 0.206 0.104 0.10266666666666667
0 0.35433333333333333 0.18966666666666665 0.126 0.11533333333333333
1 0.36866666666666664 0.2836666666666667 0.10533333333333333 0.09666666666666666
0 0.2583333333333333 0.2823333333333333 0.118 0.07533333333333334
0 0.06166666666666666 0.36933333333333335 0.09133333333333334 0.06533333333333333
0 0.14866666666666667 0.33566666666666667 0.09866666666666667 0.11533333333333333
0 0.30233333333333334 0.36133333333333334 0.18333333333333332 0.10266666666666667
0 0.16599999999999998 0.43566666666666665 0.09466666666666666 0.09
0 0.07566666666666666 0.587 0.13933333333333334 0.118
0 0.08533333333333333 0.688 0.12533333333333332 0.092
0 0.20199999999999999 0.5363333333333333 0.16933333333333334 0.11933333333333333
0 0.27566666666666667 0.4623333333333333 0.13 0.12333333333333332
0 0.20866666666666667 0.6363333333333333 0.13466666666666666 0.086
0 0.19566666666666666 0.726 0.12066666666666666 0.10133333333333333
0 0.309 0.73 0.11666666666666667 0.13466666666666666
0 0.2063333333333333 0.8163333333333334 0.11666666666666667 0.08733333333333333
0 0.09566666666666666 0.8596666666666667 0.12066666666666666 0.12066666666666666
0 0.19933333333333333 0.9079999999999999 0.11599999999999999 0.112
0 0.06933333333333333 0.2563333333333333 0.13733333333333334 0.162
0 0.064 0.4683333333333333 0.12666666666666665 0.13266666666666665
0 0.3113333333333333 0.615 0.06 0.05266666666666667
0 0.4756666666666666 0.961 0.11266666666666666 0.078
0 0.948 0.9153333333333333 0.104 0.12533333333333332
1 0.949 0.827 0.102 0.10866666666666666
0 0.9603333333333333 0.61 0.07933333333333333 0.10933333333333332
0 0.9623333333333333 0.5056666666666666 0.07533333333333334 0.09133333333333334
