0 0.239 0.07766666666666666 0.21533333333333332 0.154
0 0.16966666666666666 0.19133333333333333 0.17666666666666667 0.12666666666666665
0 0.057666666666666665 0.324 0.10066666666666667 0.09999999999999999
0 0.17833333333333332 0.319 0.14733333333333332 0.14066666666666666
0 0.29733333333333334 0.2836666666666667 0.124 0.11933333333333333
0 0.416 0.26 0.10266666666666667 0.092
0 0.407 0.15733333333333333 0.11 0.128
0 0.515 0.14766666666666667 0.118 0.214
0 0.6346666666666666 0.24066666666666667 0.10933333333333332 0.15866666666666665
0 0.6769999999999999 0.09966666666666667 0.13533333333333333 0.182
0 0.7846666666666666 0.144 0.13999999999999999 0.19599999999999998
0 0.8973333333333333 0.13599999999999998 0.088 0.17066666666666666
0 0.9196666666666666 0.38666666666666666 0.11266666666666666 0.13599999999999998
0 0.754 0.29833333333333334 0.16533333333333333 0.14333333333333334
0 0.727 0.43766666666666665 0.122 0.14733333333333332
0 0.8333333333333333 0.4116666666666666 0.10666666666666666 0.142
0 0.9453333333333332 0.48633333333333334 0.09999999999999999 0.10866666666666666
0 0.8313333333333333 0.522 0.13866666666666666 0.12133333333333333
0 0.9523333333333333 0.5806666666666667 0.09533333333333333 0.09999999999999999
0 0.8506666666666667 0.6066666666666667 0.09733333333333333 0.06799999999999999
0 0.8243333333333333 0.6829999999999999 0.09133333333333334 0.08733333333333333
0 0.938 0.6943333333333334 0.124 0.12733333333333333
0 0.7646666666666666 0.8873333333333333 0.11333333333333333 0.10933333333333332
0 0.5946666666666667 0.45266666666666666 0.132 0.13466666666666666
0 0.5653333333333334 0.3323333333333333 0.16 0.17533333333333334
0 0.45199999999999996 0.37966666666666665 0.13333333333333333 0.158
0 0.432 0.48 0.08533333333333333 0.10133333333333333
0 0.331 0.4066666666666667 0.14733333333333332 0.17333333333333334
0 0.17266666666666666 0.42 0.19999999999999998 0.10266666666666667
0 0.16166666666666665 0.5293333333333333 0.21666666666666665 0.16666666666666666
0 0.19033333333333333 0.608 0.09533333333333333 0.09066666666666666
0 0.298 0.5693333333333334 0.128 0.13733333333333334
1 0.41466666666666663 0.5676666666666667 0.08933333333333333 0.07666666666666666
0 0.358 0.6823333333333333 0.13333333333333333 0.142
0 0.47 0.6869999999999999 0.09733333333333333 0.146
0 0.586 0.6403333333333333 0.19066666666666665 0.19799999999999998
0 0.7436666666666666 0.7003333333333334 0.05266666666666667 0.06333333333333332
0 0.15566666666666665 0.7186666666666667 0.174 0.13599999999999998
0 0.06533333333333333 0.642 0.12666666666666665 0.11333333333333333
0 0.3133333333333333 0.8119999999999999 0.13866666666666666 0.15733333333333333
0 0.20366666666666666 0.8246666666666667 0.11666666666666667 0.10933333333333332
0 0.4673333333333333 0.8476666666666667 0.10266666666666667 0.09666666666666666
1 0.42766666666666664 0.7906666666666666 0.08466666666666667 0.07733333333333334
0 0.14166666666666666 0.09933333333333333 0.08466666666666667 0.096
0 0.41633333333333333 0.059666666666666666 0.16866666666666666 0.118
0 0.5496666666666666 0.058333333333333334 0.13133333333333333 0.11533333333333333
0 0.3113333333333333 0.187 0.11599999999999999 0.122
0 0.04533333333333333 0.7323333333333333 0.06799999999999999 0.08066666666666666
0 0.5536666666666666 0.759 0.11533333333333333 0.08333333333333333
0 0.12233333333333334 0.823 0.043333333333333335 0.049999999999999996
0 0.5573333333333333 0.8173333333333334 0.050666666666666665 0.04933333333333333
0 0.6799999999999999 0.7876666666666666 0.06266666666666666 0.05933333333333333
0 0.349 0.8623333333333333 0.038 0.046
0 0.37566666666666665 0.8466666666666667 0.03266666666666666 0.04
0 0.102 0.9329999999999999 0.17866666666666667 0.134
0 0.46299999999999997 0.939 0.15933333333333333 0.122
0 0.8326666666666667 0.9646666666666667 0.08399999999999999 0.07066666666666667
0 0.8396666666666667 0.8676666666666666 0.056666666666666664 0.06866666666666667
0 0.9359999999999999 0.9673333333333333 0.104 0.06533333333333333
0 0.8023333333333333 0.7743333333333333 0.04066666666666666 0.033999999999999996
0 0.8576666666666667 0.29733333333333334 0.078 0.108
