1 0.077 0.057999999999999996 0.12733333333333333 0.10933333333333332
0 0.18266666666666667 0.043666666666666666 0.09466666666666666 0.08333333333333333
0 0.2623333333333333 0.05366666666666667 0.07666666666666666 0.08733333333333333
0 0.2063333333333333 0.14066666666666666 0.11399999999999999 0.11733333333333333
1 0.06366666666666666 0.16133333333333333 0.11266666666666666 0.092
1 0.16966666666666666 0.21 0.08466666666666667 0.07733333333333334
1 0.092 0.245 0.09866666666666667 0.08066666666666666
1 0.12966666666666665 0.31033333333333335 0.11666666666666667 0.086
1 0.22799999999999998 0.282 0.10666666666666666 0.09999999999999999
1 0.3113333333333333 0.26 0.07066666666666667 0.06666666666666667
1 0.316 0.18266666666666667 0.12 0.09999999999999999
1 0.33666666666666667 0.08299999999999999 0.09999999999999999 0.10466666666666666
1 0.47633333333333333 0.10933333333333332 0.10466666666666666 0.10666666666666666
1 0.42066666666666663 0.048 0.07333333333333333 0.06533333333333333
1 0.40166666666666667 0.16999999999999998 0.08733333333333333 0.09733333333333333
1 0.5296666666666666 0.19266666666666665 0.08866666666666666 0.09333333333333332
1 0.4593333333333333 0.21633333333333332 0.064 0.074
1 0.5653333333333334 0.2796666666666667 0.08533333333333333 0.094
1 0.63 0.3476666666666667 0.08933333333333333 0.11133333333333333
0 0.412 0.32266666666666666 0.108 0.10266666666666667
1 0.48466666666666663 0.283 0.076 0.09
1 0.514 0.3753333333333333 0.092 0.08933333333333333
0 0.5416666666666666 0.45866666666666667 0.12333333333333332 0.10533333333333333
1 0.3403333333333333 0.4096666666666667 0.09533333333333333 0.082
0 0.434 0.4103333333333333 0.08933333333333333 0.08333333333333333
1 0.29533333333333334 0.3463333333333333 0.10533333333333333 0.09133333333333334
0 0.195 0.38066666666666665 0.11133333333333333 0.09999999999999999
1 0.091 0.42533333333333334 0.11133333333333333 0.12533333333333332
0 0.062 0.5926666666666667 0.108 0.104
0 0.15333333333333332 0.5593333333333333 0.07466666666666666 0.07333333333333333
1 0.18666666666666665 0.483 0.092 0.09799999999999999
1 0.26166666666666666 0.45399999999999996 0.07533333333333334 0.10666666666666666
1 0.32366666666666666 0.5073333333333333 0.048666666666666664 0.06933333333333333
1 0.38566666666666666 0.48366666666666663 0.08866666666666666 0.11399999999999999
1 0.475 0.519 0.08466666666666667 0.08466666666666667
1 0.418 0.5753333333333334 0.09866666666666667 0.08
1 0.3113333333333333 0.576 0.104 0.088
1 0.22899999999999998 0.597 0.082 0.11533333333333333
1 0.13966666666666666 0.627 0.08333333333333333 0.05533333333333333
1 0.11033333333333332 0.7183333333333333 0.086 0.08866666666666666
1 0.05633333333333333 0.7566666666666666 0.07533333333333334 0.08533333333333333
1 0.066 0.8373333333333333 0.072 0.07066666666666667
0 0.12633333333333333 0.8119999999999999 0.062 0.07066666666666667
0 0.12066666666666666 0.8806666666666666 0.07333333333333333 0.06666666666666667
0 0.2523333333333333 0.9103333333333333 0.11666666666666667 0.15266666666666667
1 0.19566666666666666 0.7903333333333333 0.08733333333333333 0.11666666666666667
1 0.20333333333333334 0.6933333333333334 0.10533333333333333 0.09733333333333333
0 0.359 0.7983333333333333 0.086 0.09533333333333333
1 0.2763333333333333 0.7526666666666666 0.08466666666666667 0.132
0 0.36933333333333335 0.718 0.09333333333333332 0.07066666666666667
1 0.409 0.64 0.08333333333333333 0.07866666666666666
0 0.322 0.657 0.09866666666666667 0.08333333333333333
0 0.6136666666666667 0.579 0.12066666666666666 0.126
1 0.5203333333333333 0.595 0.11399999999999999 0.11933333333333333
0 0.49566666666666664 0.6829999999999999 0.118 0.09266666666666666
0 0.5933333333333333 0.6626666666666666 0.10133333333333333 0.09466666666666666
1 0.5116666666666666 0.7573333333333333 0.08066666666666666 0.07466666666666666
1 0.4353333333333333 0.7683333333333333 0.072 0.11666666666666667
0 0.40199999999999997 0.883 0.09733333333333333 0.11533333333333333
0 0.33266666666666667 0.8906666666666666 0.050666666666666665 0.08
0 0.33399999999999996 0.9566666666666667 0.07466666666666666 0.06
0 0.57 0.939 0.10266666666666667 0.086
0 0.5636666666666666 0.8613333333333333 0.07933333333333333 0.07466666666666666
0 0.6533333333333333 0.8523333333333333 0.06666666666666667 0.082
0 0.589 0.779 0.11533333333333333 0.126
0 0.49666666666666665 0.8306666666666667 0.10533333333333333 0.13066666666666665
1 0.8356666666666667 0.9226666666666666 0.11666666666666667 0.128
1 0.941 0.887 0.09666666666666666 0.11266666666666666
1 0.9339999999999999 0.8143333333333334 0.092 0.086
1 0.9179999999999999 0.745 0.09866666666666667 0.078
1 0.9283333333333333 0.6866666666666666 0.08866666666666666 0.064
1 0.842 0.8406666666666667 0.09866666666666667 0.08266666666666667
1 0.7543333333333333 0.7843333333333333 0.09266666666666666 0.11
1 0.837 0.767 0.08066666666666666 0.06999999999999999
0 0.8116666666666666 0.69 0.11666666666666667 0.104
0 0.8916666666666666 0.6383333333333333 0.10733333333333334 0.07933333333333333
0 0.762 0.596 0.13066666666666665 0.09466666666666666
0 0.8536666666666667 0.5623333333333334 0.11666666666666667 0.118
0 0.9333333333333333 0.535 0.09333333333333332 0.086
1 0.737 0.5123333333333333 0.122 0.08466666666666667
1 0.6953333333333334 0.45799999999999996 0.14133333333333334 0.06799999999999999
1 0.7916666666666666 0.43166666666666664 0.06866666666666667 0.09799999999999999
1 0.6923333333333334 0.39466666666666667 0.11399999999999999 0.06666666666666667
0 0.8616666666666667 0.42266666666666663 0.08066666666666666 0.08
0 0.9219999999999999 0.39766666666666667 0.07066666666666667 0.06333333333333332
1 0.9373333333333334 0.3183333333333333 0.09333333333333332 0.122
1 0.8503333333333333 0.3476666666666667 0.118 0.07266666666666667
1 0.714 0.31 0.096 0.12266666666666666
1 0.8019999999999999 0.29333333333333333 0.07733333333333334 0.128
1 0.873 0.269 0.09666666666666666 0.07666666666666666
1 0.659 0.24733333333333332 0.11399999999999999 0.09733333333333333
1 0.5883333333333333 0.17133333333333334 0.05533333333333333 0.08933333333333333
0 0.5653333333333334 0.103 0.07333333333333333 0.08333333333333333
1 0.6326666666666666 0.07266666666666667 0.06933333333333333 0.07333333333333333
0 0.7063333333333333 0.05733333333333333 0.07266666666666667 0.09999999999999999
1 0.8563333333333333 0.09066666666666666 0.142 0.12
0 0.734 0.16866666666666666 0.092 0.13333333333333333
1 0.6483333333333333 0.154 0.082 0.10933333333333332
0 0.8039999999999999 0.18233333333333332 0.07066666666666667 0.106
0 0.8813333333333333 0.18066666666666667 0.108 0.10266666666666667
0 0.49033333333333334 0.041 0.06999999999999999 0.049999999999999996
0 0.5663333333333334 0.039 0.08866666666666666 0.074
0 0.03866666666666667 0.283 0.07466666666666666 0.102
0 0.03966666666666666 0.469 0.074 0.06866666666666667
0 0.04433333333333333 0.9286666666666666 0.08733333333333333 0.13999999999999999
0 0.15966666666666665 0.9316666666666666 0.15533333333333332 0.13666666666666666
0 0.7476666666666666 0.95 0.12066666666666666 0.09999999999999999
0 0.9613333333333333 0.606 0.07733333333333334 0.09333333333333332
0 0.9523333333333333 0.22566666666666665 0.09533333333333333 0.106
