0 0.16233333333333333 0.176 0.118 0.10933333333333332
0 0.09166666666666666 0.27799999999999997 0.14066666666666666 0.128
0 0.32066666666666666 0.21633333333333332 0.20133333333333334 0.21
0 0.43066666666666664 0.10033333333333333 0.15466666666666667 0.158
0 0.579 0.05466666666666666 0.118 0.092
0 0.5716666666666667 0.15366666666666667 0.16066666666666665 0.17666666666666667
0 0.542 0.269 0.10133333333333333 0.08466666666666667
0 0.7036666666666667 0.077 0.12466666666666666 0.14466666666666667
0 0.9089999999999999 0.061 0.10866666666666666 0.11
0 0.7943333333333333 0.14633333333333332 0.11266666666666666 0.11133333333333333
0 0.9323333333333333 0.19566666666666666 0.13533333333333333 0.13133333333333333
0 0.8116666666666666 0.23433333333333334 0.15533333333333332 0.12066666666666666
0 0.8806666666666666 0.34299999999999997 0.13999999999999999 0.14866666666666667
0 0.7536666666666666 0.3463333333333333 0.11666666666666667 0.17266666666666666
0 0.638 0.35733333333333334 0.13866666666666666 0.184
0 0.47633333333333333 0.391 0.12066666666666666 0.11666666666666667
0 0.34299999999999997 0.421 0.20733333333333331 0.18066666666666667
0 0.13833333333333334 0.45966666666666667 0.07533333333333334 0.08733333333333333
0 0.087 0.6796666666666666 0.122 0.106
0 0.093 0.7919999999999999 0.126 0.11333333333333333
0 0.19333333333333333 0.7606666666666666 0.20666666666666667 0.22
0 0.35266666666666663 0.736 0.10933333333333332 0.17066666666666666
0 0.325 0.9033333333333333 0.12866666666666665 0.16133333333333333
0 0.58 0.8383333333333333 0.092 0.08733333333333333
0 0.6546666666666666 0.901 0.204 0.194
0 0.744 0.8016666666666666 0.13599999999999998 0.142
0 0.875 0.7953333333333333 0.11266666666666666 0.12933333333333333
0 0.8456666666666667 0.8766666666666666 0.07933333333333333 0.072
0 0.4473333333333333 0.7893333333333333 0.07066666666666667 0.064
0 0.285 0.5586666666666666 0.16866666666666666 0.13599999999999998
0 0.48266666666666663 0.516 0.07466666666666666 0.06666666666666667
0 0.5826666666666667 0.48 0.058666666666666666 0.06266666666666666
0 0.45066666666666666 0.5886666666666667 0.12533333333333332 0.132
0 0.5883333333333333 0.6016666666666667 0.15533333333333332 0.194
0 0.46799999999999997 0.7123333333333333 0.132 0.10733333333333334
0 0.753 0.5003333333333333 0.12333333333333332 0.11666666666666667
0 0.879 0.45999999999999996 0.118 0.10533333333333333
0 0.841 0.5606666666666666 0.10866666666666666 0.09866666666666667
0 0.897 0.6416666666666666 0.16866666666666666 0.11933333333333333
0 0.051666666666666666 0.16999999999999998 0.102 0.15466666666666667
1 0.255 0.13466666666666666 0.04066666666666666 0.06133333333333333
0 0.27166666666666667 0.04933333333333333 0.11399999999999999 0.09733333333333333
1 0.15866666666666665 0.367 0.056 0.046
0 0.038 0.3803333333333333 0.07333333333333333 0.07133333333333333
1 0.05233333333333333 0.8643333333333333 0.06999999999999999 0.06066666666666667
0 0.442 0.8443333333333333 0.07466666666666666 0.06733333333333333
0 0.30633333333333335 0.8323333333333333 0.04466666666666667 0.048666666666666664
0 0.44466666666666665 0.9306666666666666 0.16133333333333333 0.13866666666666666
0 0.6563333333333333 0.5716666666666667 0.043333333333333335 0.05266666666666667
