0 0.19366666666666665 0.11633333333333333 0.106 0.10466666666666666
0 0.29733333333333334 0.11833333333333333 0.10666666666666666 0.10866666666666666
0 0.4096666666666667 0.12866666666666665 0.12333333333333332 0.104
0 0.587 0.14666666666666667 0.09133333333333334 0.10133333333333333
0 0.714 0.131 0.12666666666666665 0.094
0 0.7493333333333333 0.09333333333333332 0.08 0.07466666666666666
0 0.9083333333333333 0.11966666666666666 0.14333333333333334 0.11933333333333333
0 0.8716666666666666 0.22666666666666666 0.11666666666666667 0.108
0 0.7686666666666666 0.259 0.11066666666666666 0.11666666666666667
0 0.825 0.32466666666666666 0.10733333333333334 0.09866666666666667
0 0.6749999999999999 0.35333333333333333 0.14333333333333334 0.13866666666666666
0 0.6826666666666666 0.22666666666666666 0.09999999999999999 0.12266666666666666
0 0.593 0.26366666666666666 0.08733333333333333 0.13799999999999998
0 0.49766666666666665 0.244 0.08066666666666666 0.13466666666666666
0 0.4076666666666667 0.23933333333333331 0.10066666666666667 0.13866666666666666
0 0.31866666666666665 0.22633333333333333 0.092 0.12066666666666666
0 0.22733333333333333 0.219 0.10533333333333333 0.12066666666666666
0 0.14566666666666667 0.22466666666666665 0.07666666666666666 0.09333333333333332
0 0.11666666666666667 0.3343333333333333 0.112 0.12333333333333332
0 0.21266666666666667 0.329 0.09333333333333332 0.118
0 0.31966666666666665 0.3363333333333333 0.12066666666666666 0.10866666666666666
0 0.42233333333333334 0.3426666666666667 0.08466666666666667 0.096
0 0.516 0.36433333333333334 0.06666666666666667 0.06333333333333332
0 0.8583333333333333 0.42733333333333334 0.12866666666666665 0.09066666666666666
0 0.859 0.5053333333333333 0.11666666666666667 0.09066666666666666
0 0.9053333333333333 0.57 0.12933333333333333 0.09733333333333333
0 0.8019999999999999 0.631 0.108 0.08866666666666666
0 0.7596666666666666 0.5459999999999999 0.10733333333333334 0.09999999999999999
0 0.732 0.46166666666666667 0.12133333333333333 0.086
0 0.589 0.4656666666666667 0.14066666666666666 0.14466666666666667
0 0.6486666666666666 0.5606666666666666 0.12666666666666665 0.13733333333333334
0 0.718 0.7086666666666667 0.15466666666666667 0.14133333333333334
0 0.8033333333333333 0.8039999999999999 0.13066666666666665 0.104
0 0.8603333333333333 0.8933333333333333 0.09133333333333334 0.128
0 0.9446666666666667 0.8663333333333333 0.10133333333333333 0.19799999999999998
0 0.7626666666666666 0.9183333333333333 0.09866666666666667 0.11933333333333333
0 0.6639999999999999 0.883 0.104 0.162
0 0.5619999999999999 0.8586666666666667 0.09733333333333333 0.12266666666666666
0 0.609 0.7546666666666666 0.08866666666666666 0.10533333333333333
0 0.504 0.7853333333333333 0.10666666666666666 0.10266666666666667
0 0.484 0.8633333333333333 0.056 0.06533333333333333
0 0.388 0.8713333333333333 0.09999999999999999 0.09999999999999999
0 0.39366666666666666 0.7603333333333333 0.11399999999999999 0.11133333333333333
0 0.2833333333333333 0.745 0.09333333333333332 0.11133333333333333
0 0.24433333333333332 0.8653333333333333 0.174 0.172
0 0.10333333333333333 0.84 0.09733333333333333 0.112
0 0.07666666666666666 0.7346666666666667 0.13733333333333334 0.12933333333333333
0 0.17933333333333332 0.6573333333333333 0.13999999999999999 0.13866666666666666
0 0.29333333333333333 0.6443333333333333 0.07066666666666667 0.09
0 0.38066666666666665 0.6546666666666666 0.09066666666666666 0.092
0 0.5196666666666666 0.6553333333333333 0.154 0.13733333333333334
0 0.073 0.632 0.08066666666666666 0.06666666666666667
0 0.439 0.4483333333333333 0.162 0.13133333333333333
0 0.48533333333333334 0.5503333333333333 0.12266666666666666 0.08066666666666666
0 0.36233333333333334 0.5559999999999999 0.12066666666666666 0.10533333333333333
0 0.3143333333333333 0.445 0.11666666666666667 0.11133333333333333
0 0.2553333333333333 0.5606666666666666 0.13733333333333334 0.124
0 0.141 0.54 0.094 0.096
0 0.08566666666666667 0.445 0.11399999999999999 0.11666666666666667
0 0.19866666666666666 0.4443333333333333 0.11866666666666666 0.11533333333333333
0 0.043 0.128 0.08066666666666666 0.08399999999999999
0 0.123 0.05533333333333333 0.14466666666666667 0.10933333333333332
0 0.39599999999999996 0.04133333333333333 0.108 0.08133333333333333
0 0.485 0.05533333333333333 0.08333333333333333 0.108
0 0.5776666666666667 0.04933333333333333 0.11133333333333333 0.09733333333333333
0 0.6723333333333333 0.04633333333333333 0.094 0.09133333333333334
0 0.29133333333333333 0.036333333333333336 0.12666666666666665 0.07133333333333333
0 0.058666666666666666 0.21533333333333332 0.11599999999999999 0.11599999999999999
1 0.06 0.5293333333333333 0.11733333333333333 0.13333333333333333
0 0.9259999999999999 0.658 0.148 0.12933333333333333
0 0.9563333333333333 0.4393333333333333 0.08733333333333333 0.15333333333333332
0 0.9476666666666667 0.244 0.10466666666666666 0.15466666666666667
