0 0.15433333333333332 0.06433333333333333 0.11 0.12466666666666666
0 0.10833333333333332 0.22666666666666666 0.10466666666666666 0.10533333333333333
0 0.09933333333333333 0.15733333333333333 0.050666666666666665 0.056
0 0.25166666666666665 0.13933333333333334 0.082 0.072
0 0.217 0.225 0.11533333333333333 0.11533333333333333
0 0.18133333333333332 0.31766666666666665 0.12533333333333332 0.118
0 0.08066666666666666 0.328 0.09866666666666667 0.09999999999999999
0 0.063 0.43866666666666665 0.11399999999999999 0.09066666666666666
0 0.06266666666666666 0.5233333333333333 0.10933333333333332 0.08133333333333333
0 0.06466666666666666 0.6353333333333333 0.11333333333333333 0.13066666666666665
0 0.089 0.718 0.054 0.07066666666666667
0 0.16133333333333333 0.7323333333333333 0.06799999999999999 0.08066666666666666
0 0.184 0.4106666666666667 0.09999999999999999 0.076
0 0.248 0.46399999999999997 0.13866666666666666 0.13066666666666665
0 0.2373333333333333 0.57 0.096 0.09466666666666666
0 0.17066666666666666 0.635 0.10666666666666666 0.10866666666666666
0 0.109 0.847 0.11933333333333333 0.146
0 0.20266666666666666 0.897 0.06533333333333333 0.07133333333333333
0 0.22899999999999998 0.8066666666666666 0.11 0.13999999999999999
0 0.3423333333333333 0.8906666666666666 0.10866666666666666 0.11733333333333333
0 0.328 0.7656666666666666 0.09333333333333332 0.122
0 0.33466666666666667 0.6606666666666666 0.10133333333333333 0.09066666666666666
0 0.32966666666666666 0.5746666666666667 0.086 0.08133333333333333
0 0.3506666666666667 0.4746666666666666 0.092 0.09866666666666667
0 0.388 0.39 0.10533333333333333 0.104
0 0.284 0.3733333333333333 0.08666666666666667 0.076
0 0.29933333333333334 0.30433333333333334 0.11599999999999999 0.08866666666666666
0 0.32366666666666666 0.22066666666666665 0.10466666666666666 0.10133333333333333
0 0.33899999999999997 0.12466666666666666 0.08733333333333333 0.09866666666666667
0 0.42 0.12533333333333332 0.09733333333333333 0.092
0 0.41466666666666663 0.20666666666666667 0.092 0.07866666666666666
0 0.413 0.29266666666666663 0.11399999999999999 0.10933333333333332
0 0.48833333333333334 0.38866666666666666 0.09133333333333334 0.096
0 0.814 0.39566666666666667 0.10933333333333332 0.10733333333333334
0 0.9166666666666666 0.381 0.088 0.08866666666666666
0 0.902 0.317 0.06666666666666667 0.07266666666666667
0 0.8103333333333333 0.29 0.11133333333333333 0.11466666666666667
0 0.7076666666666667 0.30166666666666664 0.094 0.12733333333333333
0 0.6123333333333333 0.31566666666666665 0.08466666666666667 0.086
0 0.519 0.299 0.11399999999999999 0.09933333333333333
0 0.5243333333333333 0.11033333333333332 0.106 0.11133333333333333
0 0.516 0.20866666666666667 0.10266666666666667 0.09466666666666666
0 0.6176666666666667 0.21233333333333332 0.11933333333333333 0.126
0 0.6076666666666667 0.106 0.078 0.09999999999999999
0 0.702 0.11166666666666666 0.10533333333333333 0.12466666666666666
0 0.814 0.192 0.10133333333333333 0.108
0 0.8946666666666666 0.224 0.06533333333333333 0.06933333333333333
0 0.9299999999999999 0.47866666666666663 0.11066666666666666 0.10133333333333333
0 0.819 0.48766666666666664 0.086 0.086
0 0.9563333333333333 0.7443333333333333 0.086 0.09
0 0.9416666666666667 0.8433333333333333 0.09533333333333333 0.10533333333333333
1 0.944 0.94 0.09466666666666666 0.09333333333333332
0 0.5783333333333334 0.703 0.11133333333333333 0.12466666666666666
0 0.6653333333333333 0.7293333333333333 0.07066666666666667 0.09999999999999999
0 0.6096666666666667 0.8156666666666667 0.082 0.094
0 0.72 0.8126666666666666 0.09733333333333333 0.09466666666666666
1 0.775 0.9163333333333333 0.11 0.12066666666666666
1 0.8396666666666667 0.84 0.08866666666666666 0.10666666666666666
0 0.8643333333333333 0.7413333333333333 0.08066666666666666 0.088
0 0.7633333333333333 0.734 0.092 0.09733333333333333
0 0.7126666666666667 0.6296666666666666 0.10933333333333332 0.11933333333333333
0 0.8153333333333334 0.6186666666666667 0.10666666666666666 0.13599999999999998
0 0.8846666666666666 0.658 0.05466666666666666 0.07066666666666667
0 0.7016666666666667 0.39199999999999996 0.048666666666666664 0.04666666666666666
0 0.697 0.47966666666666663 0.12066666666666666 0.12733333333333333
0 0.42233333333333334 0.7613333333333333 0.082 0.092
0 0.45766666666666667 0.899 0.06733333333333333 0.07266666666666667
1 0.5596666666666666 0.9286666666666666 0.09 0.10133333333333333
1 0.6523333333333333 0.9189999999999999 0.08333333333333333 0.11
0 0.512 0.7869999999999999 0.09733333333333333 0.146
0 0.4603333333333333 0.6649999999999999 0.11133333333333333 0.102
0 0.418 0.568 0.09333333333333332 0.096
0 0.5313333333333333 0.5973333333333333 0.11333333333333333 0.10266666666666667
0 0.5793333333333334 0.47866666666666663 0.104 0.13733333333333334
0 0.477 0.48933333333333334 0.11133333333333333 0.11066666666666666
0 0.04566666666666667 0.174 0.09 0.14133333333333334
0 0.268 0.05366666666666667 0.11466666666666667 0.106
0 0.36233333333333334 0.04033333333333333 0.09533333333333333 0.07933333333333333
1 0.47966666666666663 0.9646666666666667 0.106 0.07066666666666667
1 0.8413333333333333 0.9103333333333333 0.042666666666666665 0.041999999999999996
0 0.9593333333333333 0.6689999999999999 0.08133333333333333 0.11933333333333333
0 0.9496666666666667 0.5513333333333333 0.10066666666666667 0.11066666666666666
0 0.7736666666666666 0.050666666666666665 0.11533333333333333 0.09999999999999999
0 0.9536666666666667 0.04033333333333333 0.082 0.07933333333333333
