1 0.08333333333333333 0.6296666666666666 0.09866666666666667 0.11399999999999999
1 0.25 0.6053333333333333 0.12933333333333333 0.13733333333333334
1 0.17266666666666666 0.658 0.13066666666666665 0.14533333333333334
1 0.093 0.76 0.118 0.12266666666666666
1 0.21233333333333332 0.7553333333333333 0.11533333333333333 0.124
0 0.31266666666666665 0.6906666666666667 0.104 0.11733333333333333
1 0.14866666666666667 0.8456666666666667 0.124 0.12333333333333332
0 0.050666666666666665 0.9163333333333333 0.09466666666666666 0.14333333333333334
1 0.13766666666666666 0.9433333333333334 0.07666666666666666 0.07733333333333334
1 0.30266666666666664 0.8733333333333333 0.10666666666666666 0.09066666666666666
1 0.30333333333333334 0.7773333333333333 0.072 0.07066666666666667
0 0.39699999999999996 0.7856666666666666 0.12066666666666666 0.17666666666666667
0 0.48266666666666663 0.7413333333333333 0.07733333333333334 0.088
0 0.4716666666666667 0.662 0.057999999999999996 0.06533333333333333
1 0.41333333333333333 0.5976666666666667 0.10266666666666667 0.11933333333333333
1 0.523 0.57 0.13 0.128
1 0.6096666666666667 0.5609999999999999 0.051333333333333335 0.056666666666666664
0 0.7013333333333334 0.5406666666666666 0.104 0.11066666666666666
0 0.8223333333333334 0.5386666666666666 0.11533333333333333 0.13733333333333334
0 0.8903333333333333 0.6136666666666667 0.13533333333333333 0.11
0 0.8286666666666667 0.7046666666666667 0.128 0.12266666666666666
0 0.7433333333333333 0.629 0.104 0.09
1 0.6603333333333333 0.645 0.11399999999999999 0.11933333333333333
1 0.88 0.7823333333333333 0.06666666666666667 0.05533333333333333
0 0.7959999999999999 0.8003333333333333 0.132 0.11399999999999999
0 0.8416666666666667 0.9046666666666666 0.14333333333333334 0.13066666666666665
0 0.6443333333333333 0.835 0.11533333333333333 0.11399999999999999
0 0.7266666666666667 0.885 0.07066666666666667 0.08866666666666666
0 0.6646666666666666 0.9106666666666666 0.06933333333333333 0.06266666666666666
0 0.5286666666666666 0.8386666666666667 0.10533333333333333 0.112
1 0.563 0.7416666666666667 0.078 0.08466666666666667
1 0.6613333333333333 0.735 0.096 0.086
0 0.5456666666666666 0.9453333333333332 0.11266666666666666 0.10133333333333333
0 0.44166666666666665 0.9349999999999999 0.102 0.11399999999999999
0 0.3323333333333333 0.953 0.11133333333333333 0.094
0 0.662 0.969 0.09466666666666666 0.062
0 0.769 0.9663333333333333 0.11533333333333333 0.06733333333333333
