1 0.11666666666666667 0.092 0.11466666666666667 0.11066666666666666
1 0.22733333333333333 0.079 0.10266666666666667 0.11266666666666666
1 0.304 0.11699999999999999 0.06266666666666666 0.06066666666666667
1 0.30766666666666664 0.043333333333333335 0.06066666666666667 0.07466666666666666
1 0.38366666666666666 0.065 0.082 0.10733333333333334
0 0.096 0.238 0.10933333333333332 0.12266666666666666
0 0.15066666666666667 0.16733333333333333 0.16933333333333334 0.10266666666666667
1 0.28833333333333333 0.18433333333333332 0.094 0.08733333333333333
1 0.388 0.17433333333333334 0.09466666666666666 0.08333333333333333
1 0.3743333333333333 0.24733333333333332 0.08066666666666666 0.064
1 0.36466666666666664 0.3143333333333333 0.08 0.06333333333333332
1 0.2826666666666667 0.2753333333333333 0.10533333333333333 0.08666666666666667
1 0.19733333333333333 0.23933333333333331 0.09066666666666666 0.08933333333333333
1 0.06366666666666666 0.3963333333333333 0.082 0.086
0 0.16799999999999998 0.379 0.10933333333333332 0.08733333333333333
0 0.19133333333333333 0.31 0.06666666666666667 0.056
1 0.12566666666666665 0.581 0.086 0.086
1 0.123 0.479 0.09133333333333334 0.07666666666666666
1 0.07933333333333333 0.7523333333333333 0.104 0.11533333333333333
1 0.062 0.859 0.09733333333333333 0.086
0 0.15333333333333332 0.854 0.07466666666666666 0.09333333333333332
0 0.17033333333333334 0.7553333333333333 0.08066666666666666 0.104
0 0.2743333333333333 0.7756666666666666 0.11666666666666667 0.11399999999999999
1 0.2533333333333333 0.8693333333333333 0.09733333333333333 0.09866666666666667
0 0.34099999999999997 0.9246666666666666 0.10066666666666667 0.10666666666666666
1 0.355 0.8206666666666667 0.07533333333333334 0.096
1 0.382 0.654 0.07066666666666667 0.09866666666666667
1 0.29033333333333333 0.6706666666666666 0.08466666666666667 0.10666666666666666
1 0.237 0.5873333333333333 0.11133333333333333 0.104
1 0.20199999999999999 0.6836666666666666 0.08933333333333333 0.094
1 0.3436666666666667 0.5543333333333333 0.08866666666666666 0.086
1 0.249 0.5093333333333333 0.08333333333333333 0.06
1 0.257 0.43166666666666664 0.07666666666666666 0.07666666666666666
1 0.27366666666666667 0.35366666666666663 0.074 0.08466666666666667
1 0.33699999999999997 0.385 0.078 0.08866666666666666
1 0.3396666666666667 0.4703333333333333 0.08066666666666666 0.07666666666666666
1 0.4666666666666667 0.08733333333333333 0.06533333333333333 0.07066666666666667
1 0.5439999999999999 0.08166666666666667 0.072 0.082
1 0.6103333333333333 0.08233333333333333 0.057999999999999996 0.06333333333333332
1 0.5346666666666666 0.146 0.06533333333333333 0.064
1 0.6053333333333333 0.14733333333333332 0.06799999999999999 0.06666666666666667
0 0.5243333333333333 0.21 0.08866666666666666 0.06133333333333333
1 0.4583333333333333 0.15933333333333333 0.062 0.05733333333333333
1 0.45 0.248 0.05733333333333333 0.06799999999999999
1 0.5176666666666666 0.29333333333333333 0.08066666666666666 0.08933333333333333
1 0.44166666666666665 0.33566666666666667 0.09 0.08466666666666667
1 0.423 0.422 0.08866666666666666 0.088
1 0.41533333333333333 0.49966666666666665 0.06 0.07666666666666666
1 0.491 0.4973333333333333 0.06733333333333333 0.06666666666666667
1 0.47633333333333333 0.5976666666666667 0.07933333333333333 0.086
1 0.4713333333333333 0.6773333333333333 0.10266666666666667 0.10933333333333332
0 0.4533333333333333 0.7636666666666666 0.12533333333333332 0.09266666666666666
0 0.4543333333333333 0.8566666666666667 0.126 0.12133333333333333
0 0.434 0.954 0.07466666666666666 0.06799999999999999
0 0.5196666666666666 0.9543333333333333 0.08733333333333333 0.08333333333333333
0 0.5586666666666666 0.8583333333333333 0.08133333333333333 0.08466666666666667
0 0.5569999999999999 0.772 0.07666666666666666 0.10133333333333333
0 0.645 0.7783333333333333 0.09133333333333334 0.11933333333333333
0 0.7366666666666667 0.8656666666666666 0.13066666666666665 0.122
0 0.8683333333333333 0.8883333333333333 0.12066666666666666 0.146
0 0.634 0.863 0.056 0.07533333333333334
0 0.748 0.7646666666666666 0.10533333333333333 0.10133333333333333
0 0.8486666666666667 0.7613333333333333 0.09866666666666667 0.09733333333333333
0 0.856 0.6573333333333333 0.09733333333333333 0.09999999999999999
0 0.7513333333333333 0.6639999999999999 0.12133333333333333 0.09999999999999999
0 0.5626666666666666 0.6746666666666666 0.076 0.08533333333333333
0 0.5093333333333333 0.4086666666666667 0.06933333333333333 0.108
1 0.5569999999999999 0.5703333333333334 0.09 0.11
0 0.583 0.4066666666666667 0.08333333333333333 0.11466666666666667
1 0.612 0.20566666666666666 0.07466666666666666 0.05266666666666667
1 0.5973333333333333 0.27799999999999997 0.076 0.09733333333333333
1 0.694 0.038 0.06666666666666667 0.06133333333333333
1 0.894 0.08633333333333333 0.064 0.049999999999999996
1 0.7736666666666666 0.17766666666666667 0.11533333333333333 0.118
1 0.6866666666666666 0.16166666666666665 0.09733333333333333 0.086
1 0.7466666666666666 0.31 0.06666666666666667 0.06666666666666667
0 0.6716666666666666 0.369 0.094 0.08466666666666667
0 0.7726666666666666 0.3803333333333333 0.09999999999999999 0.07666666666666666
0 0.8756666666666666 0.37066666666666664 0.094 0.096
0 0.866 0.4623333333333333 0.08 0.074
0 0.7716666666666666 0.48466666666666663 0.10866666666666666 0.096
1 0.6719999999999999 0.44966666666666666 0.096 0.06866666666666667
1 0.6616666666666666 0.518 0.08333333333333333 0.06799999999999999
0 0.6593333333333333 0.611 0.09999999999999999 0.11533333333333333
0 0.7603333333333333 0.57 0.12466666666666666 0.09466666666666666
0 0.8683333333333333 0.5529999999999999 0.118 0.11133333333333333
0 0.946 0.7063333333333333 0.09333333333333332 0.08466666666666667
0 0.06 0.497 0.08 0.09799999999999999
0 0.048999999999999995 0.5953333333333333 0.094 0.11066666666666666
0 0.08533333333333333 0.6546666666666666 0.13333333333333333 0.092
0 0.368 0.7423333333333333 0.06933333333333333 0.066
0 0.6433333333333333 0.6866666666666666 0.07733333333333334 0.06133333333333333
0 0.11333333333333333 0.9463333333333332 0.11866666666666666 0.10733333333333334
0 0.21966666666666665 0.9483333333333333 0.11933333333333333 0.10333333333333333
0 0.6246666666666666 0.9296666666666666 0.12533333333333332 0.14066666666666666
0 0.739 0.9513333333333333 0.13933333333333334 0.09733333333333333
0 0.8426666666666667 0.973 0.09733333333333333 0.054
0 0.9453333333333332 0.8136666666666666 0.10933333333333332 0.13533333333333333
0 0.9473333333333332 0.6016666666666667 0.10533333333333333 0.15
0 0.8766666666666666 0.28933333333333333 0.064 0.07466666666666666
0 0.9393333333333334 0.23666666666666666 0.12133333333333333 0.14933333333333332
0 0.9593333333333333 0.07266666666666667 0.08133333333333333 0.14133333333333334
0 0.864 0.032 0.10266666666666667 0.06266666666666666
