0 0.12833333333333333 0.11566666666666667 0.08866666666666666 0.11399999999999999
0 0.22233333333333333 0.11633333333333333 0.126 0.13533333333333333
0 0.09766666666666667 0.20666666666666667 0.08333333333333333 0.088
0 0.19699999999999998 0.21433333333333332 0.08466666666666667 0.08866666666666666
0 0.40066666666666667 0.10033333333333333 0.12266666666666666 0.11133333333333333
0 0.39899999999999997 0.20533333333333334 0.11666666666666667 0.112
0 0.5103333333333333 0.10666666666666666 0.086 0.096
0 0.6026666666666667 0.12633333333333333 0.10133333333333333 0.11533333333333333
0 0.7006666666666667 0.10533333333333333 0.08933333333333333 0.09333333333333332
0 0.8006666666666666 0.10233333333333333 0.09466666666666666 0.08466666666666667
0 0.9159999999999999 0.13866666666666666 0.108 0.112
0 0.9143333333333333 0.05266666666666667 0.086 0.06266666666666666
0 0.06533333333333333 0.30366666666666664 0.10666666666666666 0.11
0 0.172 0.30533333333333335 0.09866666666666667 0.104
0 0.2793333333333333 0.27666666666666667 0.10666666666666666 0.10533333333333333
0 0.38466666666666666 0.301 0.07066666666666667 0.07666666666666666
0 0.5076666666666666 0.194 0.09933333333333333 0.08933333333333333
0 0.5896666666666667 0.20733333333333331 0.057999999999999996 0.06933333333333333
0 0.695 0.20166666666666666 0.11399999999999999 0.10866666666666666
0 0.8166666666666667 0.21633333333333332 0.11866666666666666 0.146
0 0.7999999999999999 0.319 0.09333333333333332 0.08733333333333333
0 0.689 0.304 0.11 0.10666666666666666
0 0.575 0.31566666666666665 0.126 0.134
0 0.37366666666666665 0.4073333333333333 0.09799999999999999 0.128
0 0.46799999999999997 0.2836666666666667 0.088 0.09133333333333334
0 0.8763333333333333 0.37466666666666665 0.09266666666666666 0.10666666666666666
0 0.7893333333333333 0.43166666666666664 0.13066666666666665 0.12866666666666665
0 0.6586666666666666 0.4116666666666666 0.132 0.142
0 0.5499999999999999 0.43166666666666664 0.10133333333333333 0.102
0 0.46599999999999997 0.418 0.08933333333333333 0.12933333333333333
0 0.26266666666666666 0.383 0.12666666666666665 0.11
0 0.15266666666666667 0.41 0.10666666666666666 0.11066666666666666
0 0.058333333333333334 0.408 0.10466666666666666 0.09066666666666666
0 0.129 0.5183333333333333 0.12066666666666666 0.11133333333333333
0 0.03833333333333333 0.5123333333333333 0.07266666666666667 0.09266666666666666
0 0.23199999999999998 0.48766666666666664 0.104 0.086
0 0.34199999999999997 0.5143333333333333 0.10133333333333333 0.09133333333333334
0 0.434 0.5476666666666666 0.08666666666666667 0.09133333333333334
0 0.5333333333333333 0.538 0.076 0.072
0 0.6466666666666666 0.5356666666666666 0.13866666666666666 0.11266666666666666
0 0.766 0.5509999999999999 0.10266666666666667 0.11533333333333333
1 0.828 0.6706666666666666 0.13733333333333334 0.12933333333333333
1 0.945 0.6356666666666666 0.10866666666666666 0.11
0 0.9229999999999999 0.7386666666666667 0.12466666666666666 0.10133333333333333
0 0.7336666666666667 0.7323333333333333 0.15133333333333332 0.16733333333333333
0 0.7703333333333333 0.8783333333333333 0.142 0.142
0 0.8936666666666666 0.8706666666666666 0.11133333333333333 0.12933333333333333
0 0.49766666666666665 0.8886666666666666 0.11666666666666667 0.10933333333333332
1 0.36266666666666664 0.894 0.12666666666666665 0.16533333333333333
0 0.598 0.7606666666666666 0.144 0.13466666666666666
0 0.49033333333333334 0.762 0.118 0.13999999999999999
0 0.5056666666666666 0.6353333333333333 0.09266666666666666 0.09733333333333333
0 0.618 0.6343333333333333 0.13733333333333334 0.12333333333333332
0 0.26466666666666666 0.715 0.13066666666666665 0.09533333333333333
0 0.27366666666666667 0.8039999999999999 0.09799999999999999 0.076
0 0.38266666666666665 0.7573333333333333 0.11333333333333333 0.13333333333333333
0 0.4036666666666667 0.6386666666666666 0.11133333333333333 0.10133333333333333
0 0.30533333333333335 0.6303333333333333 0.09066666666666666 0.118
0 0.205 0.6003333333333333 0.142 0.11133333333333333
0 0.08766666666666667 0.6906666666666667 0.15133333333333332 0.12266666666666666
1 0.17066666666666666 0.7963333333333333 0.132 0.13933333333333334
0 0.06933333333333333 0.8393333333333333 0.09866666666666667 0.128
1 0.24433333333333332 0.04 0.074 0.076
1 0.15933333333333333 0.03933333333333333 0.06933333333333333 0.056
1 0.30066666666666664 0.16366666666666665 0.07733333333333334 0.09266666666666666
0 0.5183333333333333 0.033666666666666664 0.08733333333333333 0.06333333333333332
1 0.3313333333333333 0.043 0.06933333333333333 0.08466666666666667
0 0.42233333333333334 0.033666666666666664 0.102 0.066
0 0.04733333333333333 0.11666666666666667 0.09333333333333332 0.13066666666666665
1 0.04566666666666667 0.5943333333333333 0.09 0.08866666666666666
0 0.25266666666666665 0.9369999999999999 0.11466666666666667 0.118
0 0.16699999999999998 0.9566666666666667 0.09933333333333333 0.08666666666666667
0 0.7123333333333333 0.9423333333333334 0.15933333333333333 0.11533333333333333
0 0.965 0.8346666666666667 0.06999999999999999 0.13333333333333333
0 0.9383333333333334 0.529 0.12333333333333332 0.14333333333333334
0 0.9329999999999999 0.4343333333333333 0.07666666666666666 0.078
0 0.9373333333333334 0.23199999999999998 0.12533333333333332 0.18133333333333332
