0 0.879 0.868 0.12333333333333332 0.096
1 0.6936666666666667 0.9413333333333334 0.041999999999999996 0.052
1 0.5736666666666667 0.8683333333333333 0.06466666666666666 0.08866666666666666
1 0.6256666666666666 0.7926666666666666 0.10333333333333333 0.124
0 0.6493333333333333 0.7073333333333333 0.06666666666666667 0.050666666666666665
1 0.761 0.768 0.118 0.13466666666666666
1 0.871 0.7536666666666666 0.09266666666666666 0.11
0 0.9073333333333333 0.6816666666666666 0.09999999999999999 0.102
0 0.7846666666666666 0.579 0.07866666666666666 0.074
0 0.6456666666666666 0.6133333333333333 0.12066666666666666 0.12933333333333333
0 0.5423333333333333 0.6416666666666666 0.10333333333333333 0.15133333333333332
0 0.4693333333333333 0.715 0.09866666666666667 0.118
0 0.3813333333333333 0.7346666666666667 0.08666666666666667 0.09866666666666667
0 0.302 0.7413333333333333 0.07466666666666666 0.07333333333333333
0 0.2583333333333333 0.8706666666666666 0.10466666666666666 0.09866666666666667
0 0.29033333333333333 0.9486666666666667 0.12333333333333332 0.10266666666666667
0 0.3973333333333333 0.9253333333333333 0.09866666666666667 0.09733333333333333
0 0.5006666666666667 0.9203333333333333 0.09999999999999999 0.11533333333333333
0 0.4633333333333333 0.824 0.092 0.09733333333333333
0 0.363 0.843 0.11399999999999999 0.118
1 0.328 0.656 0.06 0.07733333333333334
1 0.2383333333333333 0.6709999999999999 0.11933333333333333 0.122
0 0.13533333333333333 0.701 0.09466666666666666 0.11266666666666666
1 0.18333333333333332 0.7863333333333333 0.10133333333333333 0.08866666666666666
1 0.10066666666666667 0.7873333333333333 0.058666666666666666 0.06533333333333333
1 0.07766666666666666 0.5443333333333333 0.09 0.07666666666666666
1 0.24933333333333332 0.587 0.092 0.051333333333333335
1 0.268 0.5016666666666667 0.12133333333333333 0.12733333333333333
0 0.3466666666666667 0.39899999999999997 0.08933333333333333 0.094
0 0.24166666666666667 0.33299999999999996 0.11 0.10733333333333334
0 0.132 0.2663333333333333 0.076 0.074
0 0.04633333333333333 0.2753333333333333 0.086 0.092
0 0.04766666666666666 0.36166666666666664 0.086 0.08333333333333333
0 0.13466666666666666 0.3473333333333333 0.09866666666666667 0.09466666666666666
0 0.173 0.42133333333333334 0.08866666666666666 0.09999999999999999
0 0.06833333333333333 0.446 0.118 0.09466666666666666
1 0.14666666666666667 0.154 0.06133333333333333 0.06
1 0.225 0.21566666666666667 0.14866666666666667 0.12466666666666666
0 0.4463333333333333 0.38666666666666666 0.11133333333333333 0.108
1 0.4096666666666667 0.271 0.11 0.122
0 0.5056666666666666 0.27266666666666667 0.08733333333333333 0.09733333333333333
0 0.505 0.17633333333333331 0.10866666666666666 0.118
0 0.42033333333333334 0.10733333333333334 0.09133333333333334 0.09999999999999999
0 0.5966666666666667 0.16366666666666665 0.07466666666666666 0.10466666666666666
0 0.6973333333333334 0.109 0.12133333333333333 0.11933333333333333
0 0.7013333333333334 0.21566666666666667 0.16533333333333333 0.11133333333333333
0 0.7183333333333333 0.3173333333333333 0.14866666666666667 0.13066666666666665
0 0.8476666666666667 0.121 0.11399999999999999 0.11933333333333333
0 0.8726666666666666 0.24 0.13066666666666665 0.12133333333333333
0 0.9353333333333333 0.3213333333333333 0.108 0.09466666666666666
0 0.8263333333333333 0.41766666666666663 0.11533333333333333 0.08733333333333333
0 0.08 0.11566666666666667 0.056 0.041999999999999996
1 0.5956666666666667 0.2603333333333333 0.082 0.08333333333333333
0 0.419 0.46699999999999997 0.04733333333333333 0.04733333333333333
0 0.5423333333333333 0.41233333333333333 0.05266666666666667 0.054
0 0.6506666666666666 0.413 0.04666666666666666 0.049999999999999996
0 0.4056666666666667 0.5606666666666666 0.048666666666666664 0.034666666666666665
0 0.7113333333333333 0.42833333333333334 0.04 0.041999999999999996
0 0.6723333333333333 0.481 0.051333333333333335 0.04733333333333333
1 0.035333333333333335 0.12833333333333333 0.036 0.03666666666666667
0 0.306 0.08633333333333333 0.04133333333333333 0.049999999999999996
0 0.6156666666666667 0.053 0.11533333333333333 0.10466666666666666
0 0.4106666666666667 0.194 0.064 0.05733333333333333
0 0.33066666666666666 0.32566666666666666 0.044 0.054
0 0.06533333333333333 0.6966666666666667 0.12933333333333333 0.13999999999999999
0 0.892 0.9506666666666667 0.15066666666666667 0.09866666666666667
0 0.948 0.5916666666666667 0.104 0.11266666666666666
0 0.9456666666666667 0.3993333333333333 0.10866666666666666 0.12266666666666666
