0 0.4593333333333333 0.09 0.09733333333333333 0.10666666666666666
0 0.8873333333333333 0.22866666666666666 0.09333333333333332 0.09333333333333332
0 0.6243333333333333 0.15866666666666665 0.06733333333333333 0.064
0 0.5256666666666666 0.18433333333333332 0.106 0.11266666666666666
0 0.5836666666666667 0.2663333333333333 0.13666666666666666 0.12066666666666666
0 0.771 0.23966666666666667 0.09266666666666666 0.09133333333333334
0 0.7386666666666667 0.359 0.17066666666666666 0.13666666666666666
0 0.7716666666666666 0.4656666666666667 0.07533333333333334 0.08066666666666666
0 0.648 0.49133333333333334 0.04666666666666666 0.04533333333333333
0 0.542 0.37666666666666665 0.06799999999999999 0.06933333333333333
0 0.4323333333333333 0.407 0.15533333333333332 0.23533333333333334
0 0.34199999999999997 0.3913333333333333 0.08399999999999999 0.12933333333333333
0 0.3396666666666667 0.286 0.08866666666666666 0.09333333333333332
0 0.20133333333333334 0.259 0.16799999999999998 0.15266666666666667
0 0.08566666666666667 0.22533333333333333 0.11133333333333333 0.11333333333333333
0 0.09933333333333333 0.30733333333333335 0.064 0.04666666666666666
0 0.10766666666666666 0.4073333333333333 0.13266666666666665 0.14933333333333332
0 0.22599999999999998 0.39766666666666667 0.14266666666666666 0.12466666666666666
0 0.06866666666666667 0.649 0.12266666666666666 0.13
0 0.14566666666666667 0.582 0.13799999999999998 0.16666666666666666
1 0.255 0.5016666666666667 0.086 0.078
0 0.271 0.592 0.118 0.12533333333333332
0 0.39599999999999996 0.579 0.13466666666666666 0.17933333333333332
0 0.7106666666666667 0.567 0.10266666666666667 0.10333333333333333
1 0.5993333333333333 0.5886666666666667 0.06933333333333333 0.07866666666666666
1 0.8576666666666667 0.6756666666666666 0.06999999999999999 0.08333333333333333
0 0.7676666666666666 0.701 0.11933333333333333 0.11
0 0.8423333333333333 0.7849999999999999 0.15 0.122
0 0.9166666666666666 0.8783333333333333 0.152 0.14733333333333332
0 0.7273333333333333 0.8196666666666667 0.13599999999999998 0.178
0 0.594 0.6926666666666667 0.16133333333333333 0.12133333333333333
0 0.45 0.694 0.12133333333333333 0.12666666666666665
0 0.48533333333333334 0.838 0.144 0.16666666666666666
0 0.5916666666666667 0.9109999999999999 0.12333333333333332 0.11
0 0.248 0.7123333333333333 0.13066666666666665 0.11
0 0.12966666666666665 0.764 0.15 0.15066666666666667
0 0.2603333333333333 0.9193333333333333 0.08333333333333333 0.096
0 0.3383333333333333 0.8286666666666667 0.158 0.16266666666666665
0 0.375 0.9289999999999999 0.10466666666666666 0.09
0 0.02733333333333333 0.042666666666666665 0.05333333333333333 0.06933333333333333
0 0.124 0.056 0.12666666666666665 0.11066666666666666
0 0.42833333333333334 0.2843333333333333 0.04466666666666667 0.05266666666666667
0 0.235 0.821 0.043333333333333335 0.06466666666666666
0 0.157 0.9363333333333334 0.13 0.12733333333333333
1 0.039 0.9486666666666667 0.07666666666666666 0.10266666666666667
0 0.9673333333333333 0.23066666666666666 0.06533333333333333 0.08399999999999999
0 0.734 0.17099999999999999 0.07333333333333333 0.062
1 0.6699999999999999 0.08 0.052 0.048
1 0.859 0.047 0.066 0.086
