0 0.643 0.112 0.09266666666666666 0.10133333333333333
0 0.7243333333333333 0.08933333333333333 0.122 0.16666666666666666
0 0.7213333333333333 0.19266666666666665 0.09999999999999999 0.09066666666666666
0 0.5846666666666667 0.23099999999999998 0.16 0.13933333333333334
0 0.8576666666666667 0.19066666666666665 0.186 0.23333333333333334
0 0.943 0.2613333333333333 0.09533333333333333 0.10533333333333333
0 0.717 0.289 0.14866666666666667 0.11666666666666667
0 0.575 0.3496666666666667 0.12066666666666666 0.102
0 0.66 0.43266666666666664 0.17066666666666666 0.16666666666666666
0 0.7736666666666666 0.39199999999999996 0.14866666666666667 0.17466666666666666
0 0.894 0.34833333333333333 0.09466666666666666 0.08466666666666667
0 0.888 0.4353333333333333 0.128 0.128
0 0.5133333333333333 0.4746666666666666 0.18933333333333333 0.16799999999999998
0 0.7306666666666667 0.5106666666666666 0.096 0.09066666666666666
0 0.843 0.5176666666666666 0.15133333333333332 0.17133333333333334
0 0.8793333333333333 0.6456666666666666 0.17333333333333334 0.11266666666666666
0 0.4683333333333333 0.594 0.15133333333333332 0.13999999999999999
0 0.5756666666666667 0.6323333333333333 0.11933333333333333 0.14733333333333332
0 0.40399999999999997 0.6946666666666667 0.16533333333333333 0.16133333333333333
0 0.5373333333333333 0.7316666666666667 0.12933333333333333 0.14866666666666667
0 0.3423333333333333 0.8119999999999999 0.178 0.16
0 0.29433333333333334 0.9106666666666666 0.14333333333333334 0.176
0 0.7993333333333333 0.892 0.11333333333333333 0.09466666666666666
0 0.6833333333333333 0.8233333333333333 0.15733333333333333 0.188
0 0.7073333333333333 0.7246666666666667 0.16666666666666666 0.132
0 0.882 0.7893333333333333 0.21466666666666667 0.21066666666666667
1 0.14866666666666667 0.19599999999999998 0.056 0.05733333333333333
