0 0.581 0.10433333333333333 0.11399999999999999 0.126
1 0.3496666666666667 0.066 0.08333333333333333 0.06666666666666667
0 0.299 0.16833333333333333 0.15 0.14466666666666667
0 0.428 0.16166666666666665 0.132 0.142
0 0.871 0.08066666666666666 0.14333333333333334 0.13599999999999998
0 0.7846666666666666 0.19466666666666665 0.14266666666666666 0.15866666666666665
0 0.8866666666666666 0.22266666666666665 0.09466666666666666 0.13066666666666665
0 0.6203333333333333 0.22766666666666666 0.14466666666666667 0.15133333333333332
0 0.5153333333333333 0.28633333333333333 0.12933333333333333 0.11666666666666667
0 0.2896666666666667 0.30166666666666664 0.12733333333333333 0.122
0 0.373 0.3516666666666666 0.15 0.14466666666666667
0 0.44766666666666666 0.45066666666666666 0.11933333333333333 0.13599999999999998
0 0.5813333333333334 0.42766666666666664 0.10266666666666667 0.082
0 0.7226666666666667 0.388 0.13599999999999998 0.13066666666666665
0 0.8243333333333333 0.41633333333333333 0.11133333333333333 0.13799999999999998
0 0.9306666666666666 0.4363333333333333 0.12133333333333333 0.14466666666666667
0 0.8463333333333333 0.5183333333333333 0.11933333333333333 0.09133333333333334
0 0.693 0.5086666666666666 0.15133333333333332 0.14133333333333334
0 0.5533333333333333 0.5156666666666666 0.13066666666666665 0.122
0 0.2563333333333333 0.5146666666666666 0.14466666666666667 0.13466666666666666
0 0.3416666666666667 0.5636666666666666 0.11533333333333333 0.14066666666666666
0 0.43766666666666665 0.592 0.09266666666666666 0.144
0 0.5429999999999999 0.6263333333333333 0.126 0.11266666666666666
0 0.6473333333333333 0.6253333333333333 0.07866666666666666 0.092
0 0.8006666666666666 0.617 0.14666666666666667 0.14733333333333332
0 0.9286666666666666 0.617 0.128 0.206
0 0.8069999999999999 0.755 0.146 0.14866666666666667
0 0.6963333333333334 0.7476666666666666 0.11133333333333333 0.12466666666666666
0 0.539 0.7103333333333333 0.082 0.078
0 0.6146666666666667 0.7363333333333333 0.06666666666666667 0.08066666666666666
0 0.20366666666666666 0.6546666666666666 0.15 0.16933333333333334
0 0.3173333333333333 0.6686666666666666 0.092 0.09466666666666666
0 0.304 0.767 0.104 0.122
0 0.14366666666666666 0.876 0.15266666666666667 0.17866666666666667
0 0.2833333333333333 0.8683333333333333 0.13733333333333334 0.10866666666666666
0 0.41233333333333333 0.822 0.146 0.132
0 0.497 0.9199999999999999 0.154 0.13066666666666665
0 0.7046666666666667 0.844 0.06933333333333333 0.07333333333333333
0 0.8196666666666667 0.845 0.118 0.08866666666666666
0 0.525 0.21 0.05933333333333333 0.07866666666666666
0 0.5976666666666667 0.3453333333333333 0.13266666666666665 0.112
0 0.41533333333333333 0.704 0.148 0.13333333333333333
0 0.5303333333333333 0.8096666666666666 0.12733333333333333 0.15
0 0.2793333333333333 0.957 0.156 0.086
0 0.6593333333333333 0.9349999999999999 0.104 0.118
1 0.9013333333333333 0.842 0.05466666666666666 0.07066666666666667
0 0.9099999999999999 0.752 0.07066666666666667 0.09466666666666666
0 0.713 0.6466666666666666 0.07933333333333333 0.09333333333333332
0 0.9623333333333333 0.3443333333333333 0.06466666666666666 0.06866666666666667
0 0.7989999999999999 0.30733333333333335 0.06466666666666666 0.04933333333333333
0 0.963 0.23066666666666666 0.074 0.14933333333333332
0 0.4483333333333333 0.049666666666666665 0.15133333333333332 0.09799999999999999
