0 0.09933333333333333 0.08299999999999999 0.16133333333333333 0.15933333333333333
0 0.104 0.22699999999999998 0.13466666666666666 0.11933333333333333
0 0.19733333333333333 0.17266666666666666 0.096 0.08
1 0.30333333333333334 0.245 0.13333333333333333 0.14466666666666667
0 0.21 0.27599999999999997 0.10133333333333333 0.088
0 0.091 0.32766666666666666 0.142 0.11266666666666666
0 0.111 0.4323333333333333 0.12066666666666666 0.10333333333333333
0 0.18733333333333332 0.37266666666666665 0.06 0.06133333333333333
1 0.26666666666666666 0.36 0.12133333333333333 0.09466666666666666
1 0.20066666666666666 0.4656666666666667 0.10533333333333333 0.11399999999999999
0 0.11399999999999999 0.54 0.12133333333333333 0.096
0 0.38466666666666666 0.3436666666666667 0.09866666666666667 0.08866666666666666
0 0.313 0.451 0.122 0.11266666666666666
0 0.3293333333333333 0.542 0.09866666666666667 0.11333333333333333
0 0.22699999999999998 0.5576666666666666 0.11666666666666667 0.08333333333333333
0 0.327 0.6363333333333333 0.08866666666666666 0.08333333333333333
0 0.22166666666666665 0.6573333333333333 0.13933333333333334 0.11733333333333333
0 0.11633333333333333 0.6306666666666666 0.09533333333333333 0.08666666666666667
0 0.04933333333333333 0.7143333333333333 0.08933333333333333 0.09133333333333334
0 0.09533333333333333 0.8233333333333333 0.06933333333333333 0.08133333333333333
0 0.16566666666666666 0.7849999999999999 0.11666666666666667 0.11399999999999999
0 0.21166666666666667 0.863 0.12466666666666666 0.12733333333333333
1 0.26566666666666666 0.9456666666666667 0.08333333333333333 0.08733333333333333
1 0.35233333333333333 0.9083333333333333 0.11399999999999999 0.11533333333333333
1 0.31866666666666665 0.8216666666666667 0.128 0.08733333333333333
1 0.26266666666666666 0.739 0.10133333333333333 0.086
1 0.33066666666666666 0.72 0.06266666666666666 0.09466666666666666
0 0.41433333333333333 0.6816666666666666 0.11933333333333333 0.12066666666666666
1 0.428 0.59 0.096 0.08133333333333333
0 0.391 0.499 0.06733333333333333 0.106
0 0.471 0.48366666666666663 0.11266666666666666 0.10866666666666666
0 0.42866666666666664 0.39766666666666667 0.092 0.08333333333333333
1 0.498 0.39999999999999997 0.08 0.09333333333333332
0 0.4563333333333333 0.29133333333333333 0.10866666666666666 0.10666666666666666
0 0.5493333333333333 0.5603333333333333 0.11333333333333333 0.11133333333333333
0 0.6353333333333333 0.537 0.07466666666666666 0.118
0 0.6946666666666667 0.5246666666666666 0.07333333333333333 0.10666666666666666
0 0.7653333333333333 0.492 0.06799999999999999 0.08666666666666667
1 0.8396666666666667 0.4543333333333333 0.08866666666666666 0.11399999999999999
1 0.9293333333333333 0.579 0.096 0.08733333333333333
1 0.8076666666666666 0.5566666666666666 0.134 0.088
1 0.8463333333333333 0.626 0.11133333333333333 0.096
0 0.6153333333333333 0.6283333333333333 0.052 0.049999999999999996
0 0.5569999999999999 0.6523333333333333 0.08733333333333333 0.08466666666666667
1 0.49166666666666664 0.6703333333333333 0.08466666666666667 0.11
0 0.45566666666666666 0.7843333333333333 0.12066666666666666 0.10466666666666666
0 0.48366666666666663 0.872 0.11533333333333333 0.09066666666666666
0 0.48066666666666663 0.9536666666666667 0.13466666666666666 0.082
0 0.577 0.8983333333333333 0.078 0.07933333333333333
1 0.5499999999999999 0.7453333333333333 0.076 0.07333333333333333
0 0.5776666666666667 0.8073333333333333 0.11533333333333333 0.08933333333333333
1 0.69 0.8336666666666667 0.132 0.122
1 0.7056666666666667 0.9463333333333332 0.11 0.094
1 0.7666666666666666 0.7613333333333333 0.10666666666666666 0.108
1 0.6883333333333334 0.6976666666666667 0.10866666666666666 0.13
1 0.7563333333333333 0.6496666666666666 0.094 0.09799999999999999
0 0.6839999999999999 0.608 0.064 0.06
1 0.8653333333333333 0.715 0.132 0.10466666666666666
1 0.8546666666666667 0.8086666666666666 0.10533333333333333 0.09466666666666666
1 0.9333333333333333 0.869 0.07866666666666666 0.09266666666666666
1 0.848 0.8856666666666666 0.12533333333333332 0.09266666666666666
1 0.5736666666666667 0.374 0.09266666666666666 0.08266666666666667
0 0.5903333333333333 0.46099999999999997 0.08733333333333333 0.08733333333333333
0 0.6763333333333333 0.4413333333333333 0.082 0.07333333333333333
0 0.7556666666666666 0.4036666666666667 0.11266666666666666 0.09
1 0.9036666666666666 0.3343333333333333 0.11933333333333333 0.08733333333333333
1 0.7556666666666666 0.31966666666666665 0.126 0.11399999999999999
0 0.6659999999999999 0.3426666666666667 0.09999999999999999 0.09333333333333332
1 0.5566666666666666 0.2803333333333333 0.10133333333333333 0.10466666666666666
1 0.65 0.253 0.124 0.10866666666666666
1 0.7796666666666666 0.23766666666666666 0.11399999999999999 0.086
1 0.897 0.25866666666666666 0.12066666666666666 0.10533333333333333
0 0.8333333333333333 0.17666666666666667 0.11866666666666666 0.10266666666666667
0 0.9306666666666666 0.14766666666666667 0.09066666666666666 0.13666666666666666
0 0.8333333333333333 0.076 0.12933333333333333 0.112
1 0.7453333333333333 0.11833333333333333 0.09466666666666666 0.142
0 0.6546666666666666 0.12333333333333332 0.10266666666666667 0.13999999999999999
0 0.5596666666666666 0.147 0.12066666666666666 0.14333333333333334
1 0.48966666666666664 0.09033333333333333 0.078 0.11666666666666667
0 0.193 0.07133333333333333 0.08866666666666666 0.11733333333333333
0 0.28099999999999997 0.058666666666666666 0.12866666666666665 0.11599999999999999
0 0.31966666666666665 0.128 0.074 0.092
0 0.5726666666666667 0.04633333333333333 0.152 0.09133333333333334
0 0.13699999999999998 0.6893333333333334 0.11133333333333333 0.09333333333333332
0 0.059 0.899 0.11666666666666667 0.11266666666666666
0 0.17266666666666666 0.951 0.108 0.09799999999999999
0 0.6106666666666667 0.7036666666666667 0.06266666666666666 0.11399999999999999
0 0.9403333333333334 0.49 0.11933333333333333 0.148
0 0.9526666666666667 0.38966666666666666 0.09466666666666666 0.10866666666666666
