0 0.19799999999999998 0.072 0.09999999999999999 0.132
0 0.3 0.09166666666666666 0.10933333333333332 0.14866666666666667
0 0.387 0.07966666666666666 0.041999999999999996 0.057999999999999996
0 0.48266666666666663 0.053 0.08399999999999999 0.086
0 0.5773333333333334 0.056 0.09999999999999999 0.11066666666666666
0 0.599 0.144 0.08333333333333333 0.076
0 0.414 0.16566666666666666 0.096 0.078
0 0.8216666666666667 0.112 0.14733333333333332 0.16533333333333333
0 0.6486666666666666 0.22733333333333333 0.13466666666666666 0.10133333333333333
0 0.6416666666666666 0.317 0.07666666666666666 0.08066666666666666
0 0.746 0.3203333333333333 0.06799999999999999 0.09
0 0.8353333333333333 0.30666666666666664 0.156 0.17066666666666666
0 0.941 0.27599999999999997 0.09933333333333333 0.16266666666666665
0 0.727 0.481 0.12733333333333333 0.08066666666666666
0 0.451 0.5093333333333333 0.08066666666666666 0.07333333333333333
0 0.346 0.49133333333333334 0.09066666666666666 0.09333333333333332
0 0.24466666666666667 0.49766666666666665 0.096 0.086
0 0.141 0.505 0.10333333333333333 0.082
0 0.17966666666666667 0.42333333333333334 0.11933333333333333 0.07866666666666666
0 0.2776666666666667 0.422 0.07666666666666666 0.076
0 0.36666666666666664 0.41233333333333333 0.088 0.09
0 0.4703333333333333 0.42133333333333334 0.10866666666666666 0.09466666666666666
0 0.47733333333333333 0.351 0.06933333333333333 0.051333333333333335
0 0.5256666666666666 0.30466666666666664 0.07533333333333334 0.09733333333333333
0 0.4703333333333333 0.263 0.078 0.08866666666666666
0 0.3723333333333333 0.25866666666666666 0.074 0.08666666666666667
0 0.4043333333333333 0.3393333333333333 0.05933333333333333 0.06266666666666666
0 0.304 0.33766666666666667 0.09866666666666667 0.08866666666666666
0 0.29933333333333334 0.2613333333333333 0.06666666666666667 0.06133333333333333
0 0.18066666666666667 0.23666666666666666 0.06799999999999999 0.07466666666666666
0 0.079 0.36333333333333334 0.12066666666666666 0.10133333333333333
0 0.18433333333333332 0.33166666666666667 0.08333333333333333 0.11
0 0.11599999999999999 0.2786666666666667 0.06533333333333333 0.06266666666666666
0 0.22633333333333333 0.5883333333333333 0.11533333333333333 0.08733333333333333
0 0.14166666666666666 0.6683333333333333 0.13533333333333333 0.11933333333333333
0 0.07666666666666666 0.8696666666666666 0.13733333333333334 0.11133333333333333
0 0.219 0.781 0.11666666666666667 0.106
0 0.16133333333333333 0.8823333333333333 0.09333333333333332 0.10333333333333333
0 0.2513333333333333 0.89 0.10933333333333332 0.13999999999999999
0 0.31866666666666665 0.7936666666666666 0.10266666666666667 0.11666666666666667
0 0.3203333333333333 0.6713333333333333 0.11666666666666667 0.128
0 0.3436666666666667 0.574 0.09133333333333334 0.08399999999999999
0 0.43666666666666665 0.5846666666666667 0.072 0.07066666666666667
0 0.532 0.5963333333333333 0.07866666666666666 0.08066666666666666
0 0.512 0.694 0.072 0.10666666666666666
0 0.42233333333333334 0.6843333333333333 0.11533333333333333 0.11533333333333333
0 0.427 0.8059999999999999 0.11933333333333333 0.12
0 0.43133333333333335 0.9143333333333333 0.09733333333333333 0.106
0 0.3396666666666667 0.9086666666666666 0.09666666666666666 0.09733333333333333
0 0.526 0.9039999999999999 0.09733333333333333 0.13466666666666666
0 0.5153333333333333 0.7899999999999999 0.06799999999999999 0.08533333333333333
0 0.5986666666666667 0.6843333333333333 0.09866666666666667 0.14866666666666667
0 0.6846666666666666 0.706 0.07333333333333333 0.092
0 0.8096666666666666 0.5843333333333333 0.08733333333333333 0.12333333333333332
0 0.7183333333333333 0.5643333333333334 0.082 0.07533333333333334
0 0.72 0.6413333333333333 0.108 0.11466666666666667
0 0.8693333333333333 0.6873333333333334 0.13733333333333334 0.12933333333333333
0 0.7286666666666667 0.8079999999999999 0.128 0.104
0 0.7636666666666666 0.744 0.08733333333333333 0.10133333333333333
0 0.6076666666666667 0.817 0.106 0.11666666666666667
0 0.6183333333333333 0.9163333333333333 0.08466666666666667 0.09
0 0.703 0.8833333333333333 0.08466666666666667 0.09866666666666667
0 0.7883333333333333 0.9246666666666666 0.11133333333333333 0.11866666666666666
0 0.8923333333333333 0.8816666666666666 0.12466666666666666 0.17133333333333334
0 0.9329999999999999 0.7969999999999999 0.11666666666666667 0.126
0 0.08766666666666667 0.065 0.12066666666666666 0.12866666666666665
0 0.382 0.03133333333333333 0.06 0.06133333333333333
0 0.5 0.187 0.04 0.041999999999999996
0 0.153 0.17733333333333332 0.09666666666666666 0.08133333333333333
0 0.08733333333333333 0.2533333333333333 0.04666666666666666 0.04666666666666666
0 0.039 0.16166666666666665 0.07533333333333334 0.10733333333333334
0 0.051333333333333335 0.6403333333333333 0.09999999999999999 0.24333333333333332
0 0.07833333333333332 0.7643333333333333 0.10733333333333334 0.07666666666666666
0 0.8416666666666667 0.972 0.09133333333333334 0.056
0 0.9253333333333333 0.593 0.14933333333333332 0.16066666666666665
0 0.9353333333333333 0.47833333333333333 0.12933333333333333 0.12733333333333333
0 0.8986666666666666 0.39866666666666667 0.10533333333333333 0.096
