0 0.7236666666666667 0.8866666666666666 0.12866666666666665 0.12533333333333332
0 0.8496666666666667 0.895 0.08333333333333333 0.086
1 0.7946666666666666 0.7976666666666666 0.07066666666666667 0.057999999999999996
0 0.712 0.7156666666666667 0.13599999999999998 0.16599999999999998
0 0.8223333333333334 0.7016666666666667 0.08733333333333333 0.11933333333333333
0 0.9286666666666666 0.735 0.14266666666666666 0.14333333333333334
0 0.8793333333333333 0.6016666666666667 0.10933333333333332 0.11666666666666667
0 0.771 0.588 0.11533333333333333 0.10266666666666667
0 0.8376666666666667 0.49466666666666664 0.074 0.072
0 0.9266666666666666 0.49266666666666664 0.13733333333333334 0.14533333333333334
1 0.7736666666666666 0.387 0.082 0.082
0 0.6796666666666666 0.36566666666666664 0.086 0.07533333333333334
0 0.5449999999999999 0.477 0.11666666666666667 0.14733333333333332
0 0.652 0.48133333333333334 0.10266666666666667 0.13466666666666666
0 0.7466666666666666 0.48733333333333334 0.092 0.10933333333333332
0 0.4013333333333333 0.48533333333333334 0.19599999999999998 0.20266666666666666
0 0.11399999999999999 0.424 0.12933333333333333 0.13333333333333333
0 0.22733333333333333 0.433 0.09733333333333333 0.09
0 0.11033333333333332 0.5519999999999999 0.11399999999999999 0.128
0 0.225 0.5469999999999999 0.14866666666666667 0.162
1 0.24433333333333332 0.6476666666666666 0.07933333333333333 0.08333333333333333
0 0.058333333333333334 0.651 0.08466666666666667 0.082
0 0.15066666666666667 0.649 0.10266666666666667 0.086
0 0.14366666666666666 0.7463333333333333 0.11933333333333333 0.11133333333333333
0 0.252 0.7586666666666666 0.12266666666666666 0.164
0 0.09666666666666666 0.86 0.10533333333333333 0.10533333333333333
0 0.22166666666666665 0.867 0.14466666666666667 0.12466666666666666
0 0.42366666666666664 0.8823333333333333 0.14333333333333334 0.11399999999999999
0 0.38666666666666666 0.7823333333333333 0.13333333333333333 0.13666666666666666
0 0.34933333333333333 0.6513333333333333 0.17466666666666666 0.16799999999999998
0 0.48266666666666663 0.653 0.08266666666666667 0.086
0 0.5166666666666666 0.7803333333333333 0.13466666666666666 0.146
0 0.5916666666666667 0.696 0.102 0.13866666666666666
0 0.173 0.09066666666666666 0.15 0.14666666666666667
0 0.16133333333333333 0.21366666666666667 0.13466666666666666 0.11266666666666666
0 0.14166666666666666 0.318 0.09266666666666666 0.09866666666666667
0 0.25766666666666665 0.3263333333333333 0.142 0.15133333333333332
0 0.3426666666666667 0.11433333333333333 0.09733333333333333 0.09666666666666666
0 0.36466666666666664 0.23233333333333334 0.14133333333333334 0.13666666666666666
0 0.3813333333333333 0.34199999999999997 0.10533333333333333 0.09466666666666666
0 0.26866666666666666 0.13233333333333333 0.058666666666666666 0.078
0 0.479 0.247 0.118 0.126
0 0.49866666666666665 0.35466666666666663 0.112 0.092
0 0.842 0.2783333333333333 0.10133333333333333 0.09133333333333334
0 0.741 0.2723333333333333 0.106 0.11666666666666667
0 0.9269999999999999 0.06899999999999999 0.094 0.13533333333333333
0 0.6313333333333333 0.24766666666666665 0.13599999999999998 0.14466666666666667
0 0.45266666666666666 0.12033333333333333 0.09866666666666667 0.12066666666666666
0 0.5519999999999999 0.119 0.09999999999999999 0.12066666666666666
0 0.06 0.08299999999999999 0.11866666666666666 0.158
0 0.050666666666666665 0.208 0.09999999999999999 0.14666666666666667
0 0.056999999999999995 0.31166666666666665 0.11133333333333333 0.12333333333333332
0 0.6316666666666666 0.148 0.09 0.08399999999999999
0 0.711 0.08299999999999999 0.15 0.16333333333333333
1 0.048666666666666664 0.7373333333333333 0.092 0.13066666666666665
0 0.076 0.948 0.12666666666666665 0.104
1 0.21833333333333332 0.9636666666666667 0.13799999999999998 0.07266666666666667
0 0.9416666666666667 0.8396666666666667 0.11666666666666667 0.094
0 0.9453333333333332 0.2896666666666667 0.10933333333333332 0.13
1 0.9396666666666667 0.18066666666666667 0.06066666666666667 0.06
0 0.823 0.06799999999999999 0.13799999999999998 0.13466666666666666
