0 0.10566666666666666 0.14066666666666666 0.17666666666666667 0.14933333333333332
0 0.29466666666666663 0.06566666666666666 0.096 0.11666666666666667
0 0.24033333333333332 0.13933333333333334 0.11533333333333333 0.092
0 0.08533333333333333 0.2783333333333333 0.11066666666666666 0.10866666666666666
0 0.16933333333333334 0.24966666666666665 0.096 0.102
0 0.248 0.22466666666666665 0.09999999999999999 0.08133333333333333
0 0.2603333333333333 0.30433333333333334 0.106 0.11666666666666667
0 0.373 0.24733333333333332 0.13666666666666666 0.13333333333333333
0 0.39366666666666666 0.11066666666666666 0.11399999999999999 0.12666666666666665
0 0.45066666666666666 0.03666666666666667 0.092 0.06666666666666667
0 0.7633333333333333 0.11433333333333333 0.13066666666666665 0.13666666666666666
0 0.5833333333333333 0.22666666666666666 0.08133333333333333 0.07733333333333334
0 0.15 0.37666666666666665 0.10666666666666666 0.09999999999999999
0 0.243 0.409 0.082 0.08066666666666666
0 0.309 0.44266666666666665 0.06333333333333332 0.06
0 0.39399999999999996 0.43666666666666665 0.10533333333333333 0.09733333333333333
0 0.9373333333333334 0.20566666666666666 0.07333333333333333 0.08333333333333333
0 0.6053333333333333 0.33366666666666667 0.06799999999999999 0.06999999999999999
0 0.6273333333333333 0.4463333333333333 0.14666666666666667 0.15933333333333333
1 0.7343333333333333 0.44166666666666665 0.08066666666666666 0.08466666666666667
1 0.7859999999999999 0.5033333333333333 0.06533333333333333 0.06666666666666667
1 0.8833333333333333 0.5003333333333333 0.112 0.09133333333333334
0 0.9376666666666666 0.6073333333333333 0.11 0.12533333333333332
0 0.8146666666666667 0.615 0.13333333333333333 0.13533333333333333
0 0.614 0.6443333333333333 0.14266666666666666 0.146
0 0.119 0.48033333333333333 0.08333333333333333 0.08733333333333333
0 0.09799999999999999 0.5793333333333334 0.12933333333333333 0.10666666666666666
0 0.07566666666666666 0.6713333333333333 0.09133333333333334 0.07466666666666666
0 0.123 0.751 0.11933333333333333 0.14333333333333334
0 0.25266666666666665 0.728 0.12666666666666665 0.16933333333333334
0 0.21033333333333332 0.639 0.11133333333333333 0.086
0 0.22699999999999998 0.531 0.094 0.08333333333333333
1 0.2826666666666667 0.612 0.08266666666666667 0.09333333333333332
1 0.46399999999999997 0.5636666666666666 0.06533333333333333 0.07666666666666666
0 0.37366666666666665 0.5293333333333333 0.102 0.10266666666666667
0 0.39966666666666667 0.609 0.06066666666666667 0.04733333333333333
0 0.15266666666666667 0.8713333333333333 0.10133333333333333 0.09466666666666666
0 0.25 0.8613333333333333 0.10133333333333333 0.10266666666666667
0 0.35566666666666663 0.7303333333333333 0.082 0.09533333333333333
0 0.48333333333333334 0.724 0.112 0.11733333333333333
0 0.35833333333333334 0.826 0.11266666666666666 0.096
0 0.33466666666666667 0.9226666666666666 0.10666666666666666 0.10266666666666667
0 0.6689999999999999 0.843 0.122 0.15133333333333332
0 0.7556666666666666 0.9303333333333333 0.13799999999999998 0.11
0 0.8476666666666667 0.9219999999999999 0.08066666666666666 0.096
1 0.9356666666666666 0.7943333333333333 0.086 0.07666666666666666
1 0.848 0.8043333333333333 0.05333333333333333 0.05533333333333333
1 0.872 0.72 0.06266666666666666 0.06933333333333333
0 0.21733333333333332 0.9516666666666667 0.10533333333333333 0.09666666666666666
0 0.566 0.063 0.13733333333333334 0.12466666666666666
0 0.03933333333333333 0.46166666666666667 0.07733333333333334 0.10733333333333334
0 0.52 0.9253333333333333 0.14933333333333332 0.14933333333333332
0 0.646 0.9356666666666666 0.13999999999999999 0.12866666666666665
0 0.9476666666666667 0.9063333333333333 0.10466666666666666 0.14866666666666667
1 0.6923333333333334 0.7196666666666667 0.056666666666666664 0.046
1 0.974 0.5026666666666666 0.052 0.07333333333333333
