0 0.123 0.244 0.11933333333333333 0.124
0 0.618 0.08499999999999999 0.124 0.11399999999999999
0 0.6056666666666667 0.20666666666666667 0.19533333333333333 0.13999999999999999
0 0.7396666666666667 0.077 0.11133333333333333 0.14466666666666667
0 0.8886666666666666 0.3363333333333333 0.16533333333333333 0.18866666666666665
0 0.7556666666666666 0.37466666666666665 0.14066666666666666 0.17066666666666666
0 0.65 0.3923333333333333 0.10933333333333332 0.15
0 0.5116666666666666 0.4083333333333333 0.214 0.21533333333333332
0 0.29266666666666663 0.502 0.10266666666666667 0.10533333333333333
0 0.39299999999999996 0.48066666666666663 0.12866666666666665 0.13599999999999998
0 0.48333333333333334 0.5753333333333334 0.17066666666666666 0.17466666666666666
0 0.9103333333333333 0.45166666666666666 0.11666666666666667 0.11666666666666667
0 0.9033333333333333 0.5469999999999999 0.13866666666666666 0.10733333333333334
0 0.8403333333333333 0.6463333333333333 0.15666666666666665 0.18333333333333332
0 0.7263333333333333 0.6516666666666666 0.12333333333333332 0.12466666666666666
0 0.9273333333333333 0.748 0.13866666666666666 0.132
0 0.7166666666666667 0.7959999999999999 0.14533333333333334 0.13066666666666665
0 0.896 0.858 0.15733333333333333 0.16266666666666665
0 0.754 0.8996666666666666 0.13733333333333334 0.13533333333333333
0 0.5256666666666666 0.8296666666666667 0.142 0.11399999999999999
0 0.27799999999999997 0.7483333333333333 0.12933333333333333 0.19266666666666665
0 0.14466666666666667 0.7893333333333333 0.16 0.16933333333333334
0 0.07966666666666666 0.9259999999999999 0.11933333333333333 0.124
0 0.45699999999999996 0.07066666666666667 0.09 0.11466666666666667
1 0.5413333333333333 0.030666666666666665 0.06 0.050666666666666665
0 0.6006666666666667 0.5286666666666666 0.11866666666666666 0.11333333333333333
0 0.11766666666666667 0.5163333333333333 0.06733333333333333 0.07533333333333334
0 0.19899999999999998 0.613 0.11399999999999999 0.106
0 0.11866666666666666 0.6383333333333333 0.18666666666666665 0.158
0 0.5013333333333333 0.6886666666666666 0.044 0.044
0 0.42333333333333334 0.8109999999999999 0.04933333333333333 0.056666666666666664
0 0.3283333333333333 0.8726666666666666 0.12733333333333333 0.11599999999999999
0 0.36666666666666664 0.9546666666666667 0.06 0.08533333333333333
1 0.641 0.9083333333333333 0.10066666666666667 0.10066666666666667
0 0.048 0.7513333333333333 0.09333333333333332 0.09333333333333332
0 0.6133333333333333 0.6679999999999999 0.09333333333333332 0.08399999999999999
0 0.9566666666666667 0.6126666666666667 0.08666666666666667 0.13999999999999999
