0 0.12533333333333332 0.06766666666666667 0.132 0.126
0 0.14166666666666666 0.156 0.13533333333333333 0.092
0 0.23666666666666666 0.08033333333333333 0.13333333333333333 0.15133333333333332
0 0.38066666666666665 0.16566666666666666 0.13999999999999999 0.09666666666666666
0 0.5153333333333333 0.14766666666666667 0.11466666666666667 0.11933333333333333
0 0.632 0.165 0.13466666666666666 0.11533333333333333
0 0.7979999999999999 0.097 0.16133333333333333 0.146
0 0.9083333333333333 0.165 0.11533333333333333 0.09533333333333333
0 0.7756666666666666 0.21233333333333332 0.11399999999999999 0.09266666666666666
0 0.9089999999999999 0.2633333333333333 0.12733333333333333 0.10133333333333333
0 0.7999999999999999 0.308 0.096 0.10933333333333332
0 0.7173333333333333 0.344 0.13066666666666665 0.13999999999999999
0 0.6326666666666666 0.268 0.13066666666666665 0.104
0 0.5223333333333333 0.2786666666666667 0.10466666666666666 0.09866666666666667
0 0.5296666666666666 0.37266666666666665 0.122 0.09466666666666666
0 0.621 0.37 0.09 0.10533333333333333
0 0.53 0.4656666666666667 0.156 0.10866666666666666
0 0.6353333333333333 0.5383333333333333 0.08933333333333333 0.08733333333333333
0 0.6326666666666666 0.6246666666666666 0.12266666666666666 0.096
1 0.5236666666666666 0.7196666666666667 0.08733333333333333 0.10866666666666666
0 0.63 0.7336666666666667 0.13066666666666665 0.142
0 0.707 0.8039999999999999 0.09533333333333333 0.076
0 0.6116666666666667 0.9153333333333333 0.08333333333333333 0.09999999999999999
1 0.7026666666666667 0.9143333333333333 0.10666666666666666 0.14466666666666667
1 0.8096666666666666 0.8803333333333333 0.10733333333333334 0.118
0 0.9223333333333333 0.8613333333333333 0.12333333333333332 0.13599999999999998
1 0.8069999999999999 0.78 0.09266666666666666 0.096
1 0.8936666666666666 0.764 0.078 0.10266666666666667
0 0.8049999999999999 0.695 0.158 0.08333333333333333
0 0.8003333333333333 0.617 0.11533333333333333 0.07266666666666667
0 0.946 0.66 0.09866666666666667 0.10266666666666667
0 0.9246666666666666 0.5836666666666667 0.13333333333333333 0.09133333333333334
0 0.7993333333333333 0.5443333333333333 0.12266666666666666 0.07933333333333333
0 0.9189999999999999 0.492 0.11133333333333333 0.09466666666666666
0 0.775 0.46699999999999997 0.16466666666666666 0.11133333333333333
0 0.6903333333333334 0.4453333333333333 0.102 0.09333333333333332
0 0.885 0.373 0.12066666666666666 0.11533333333333333
0 0.9613333333333333 0.39266666666666666 0.06533333333333333 0.096
0 0.13566666666666666 0.25466666666666665 0.122 0.12533333333333332
0 0.244 0.24966666666666665 0.09999999999999999 0.13799999999999998
1 0.4023333333333333 0.2573333333333333 0.11666666666666667 0.11599999999999999
1 0.3153333333333333 0.26566666666666666 0.06799999999999999 0.086
0 0.132 0.352 0.11866666666666666 0.10533333333333333
0 0.13 0.46299999999999997 0.11066666666666666 0.10866666666666666
0 0.22999999999999998 0.40166666666666667 0.13066666666666665 0.11666666666666667
0 0.3423333333333333 0.45999999999999996 0.09133333333333334 0.064
0 0.41733333333333333 0.32966666666666666 0.11066666666666666 0.08333333333333333
0 0.3436666666666667 0.367 0.142 0.106
0 0.15533333333333332 0.5623333333333334 0.132 0.09
0 0.23399999999999999 0.504 0.12533333333333332 0.09866666666666667
0 0.3396666666666667 0.5626666666666666 0.11399999999999999 0.13066666666666665
0 0.437 0.608 0.15 0.12666666666666665
0 0.2583333333333333 0.6733333333333333 0.14333333333333334 0.14533333333333334
0 0.06 0.7136666666666667 0.10133333333333333 0.11
0 0.15066666666666667 0.6413333333333333 0.08 0.06799999999999999
0 0.15133333333333332 0.7413333333333333 0.124 0.12133333333333333
0 0.077 0.8123333333333334 0.08333333333333333 0.07933333333333333
0 0.17633333333333331 0.8413333333333333 0.09 0.088
1 0.257 0.7843333333333333 0.07666666666666666 0.08733333333333333
0 0.3436666666666667 0.7673333333333333 0.08866666666666666 0.13599999999999998
0 0.4333333333333333 0.714 0.09333333333333332 0.09733333333333333
0 0.43866666666666665 0.8086666666666666 0.09866666666666667 0.092
0 0.2803333333333333 0.9136666666666666 0.14866666666666667 0.14866666666666667
0 0.08433333333333333 0.8936666666666666 0.11933333333333333 0.11133333333333333
0 0.383 0.07166666666666667 0.19133333333333333 0.14066666666666666
0 0.04066666666666666 0.235 0.08 0.118
1 0.43466666666666665 0.5233333333333333 0.06933333333333333 0.04666666666666666
0 0.049666666666666665 0.43866666666666665 0.09799999999999999 0.11333333333333333
0 0.048999999999999995 0.5376666666666666 0.09133333333333334 0.08466666666666667
0 0.06 0.632 0.11866666666666666 0.11333333333333333
0 0.18966666666666665 0.9483333333333333 0.102 0.10333333333333333
0 0.39966666666666667 0.9039999999999999 0.05933333333333333 0.064
0 0.5453333333333333 0.8553333333333333 0.04533333333333333 0.048
0 0.8046666666666666 0.9683333333333333 0.112 0.06333333333333332
1 0.889 0.9663333333333333 0.06866666666666667 0.06733333333333333
0 0.9403333333333334 0.7786666666666666 0.057999999999999996 0.07066666666666667
0 0.9716666666666667 0.19966666666666666 0.056666666666666664 0.09666666666666666
0 0.9349999999999999 0.052 0.12866666666666665 0.10266666666666667
0 0.5953333333333333 0.06233333333333333 0.15333333333333332 0.12333333333333332
