0 0.8673333333333333 0.25466666666666665 0.156 0.144
0 0.8653333333333333 0.35866666666666663 0.11866666666666666 0.09733333333333333
0 0.8563333333333333 0.4716666666666667 0.13933333333333334 0.12066666666666666
0 0.9416666666666667 0.5746666666666667 0.11266666666666666 0.11866666666666666
0 0.625 0.861 0.13799999999999998 0.12333333333333332
0 0.657 0.9523333333333333 0.13533333333333333 0.09266666666666666
0 0.7853333333333333 0.9203333333333333 0.06666666666666667 0.08466666666666667
0 0.7979999999999999 0.152 0.056 0.06133333333333333
0 0.6356666666666666 0.16766666666666666 0.11666666666666667 0.13799999999999998
0 0.6096666666666667 0.2816666666666667 0.11266666666666666 0.13533333333333333
0 0.578 0.39366666666666666 0.10133333333333333 0.08866666666666666
0 0.5633333333333334 0.499 0.144 0.12733333333333333
0 0.5383333333333333 0.12533333333333332 0.11399999999999999 0.14133333333333334
0 0.46399999999999997 0.074 0.10666666666666666 0.128
0 0.4136666666666666 0.172 0.11266666666666666 0.112
0 0.5033333333333333 0.25266666666666665 0.09999999999999999 0.12666666666666665
0 0.12466666666666666 0.09833333333333333 0.16666666666666666 0.12866666666666665
0 0.29733333333333334 0.239 0.132 0.186
0 0.39999999999999997 0.2886666666666667 0.15733333333333333 0.14533333333333334
0 0.36033333333333334 0.39766666666666667 0.11933333333333333 0.122
0 0.07166666666666667 0.3436666666666667 0.12466666666666666 0.11133333333333333
0 0.13333333333333333 0.496 0.17333333333333334 0.172
0 0.11066666666666666 0.63 0.09466666666666666 0.096
0 0.2826666666666667 0.5123333333333333 0.164 0.14066666666666666
0 0.4083333333333333 0.5453333333333333 0.11533333333333333 0.12666666666666665
0 0.218 0.63 0.12666666666666665 0.10133333333333333
0 0.105 0.21366666666666667 0.15 0.12866666666666665
0 0.388 0.6856666666666666 0.164 0.15666666666666665
0 0.3 0.617 0.09066666666666666 0.08333333333333333
0 0.24533333333333332 0.7126666666666667 0.128 0.09999999999999999
0 0.22699999999999998 0.8079999999999999 0.13933333333333334 0.10133333333333333
0 0.3433333333333333 0.8033333333333333 0.09866666666666667 0.108
0 0.4363333333333333 0.8573333333333333 0.12066666666666666 0.10266666666666667
0 0.3283333333333333 0.9143333333333333 0.10866666666666666 0.11666666666666667
0 0.221 0.894 0.12066666666666666 0.09066666666666666
0 0.14566666666666667 0.942 0.11 0.09999999999999999
0 0.3496666666666667 0.06666666666666667 0.178 0.132
0 0.637 0.05333333333333333 0.126 0.10533333333333333
0 0.05266666666666667 0.4353333333333333 0.104 0.13733333333333334
0 0.243 0.9616666666666667 0.09933333333333333 0.07666666666666666
0 0.5429999999999999 0.7436666666666666 0.03933333333333333 0.057999999999999996
1 0.9573333333333333 0.897 0.08533333333333333 0.11266666666666666
0 0.963 0.4683333333333333 0.074 0.10333333333333333
1 0.9613333333333333 0.35333333333333333 0.050666666666666665 0.06933333333333333
0 0.642 0.3893333333333333 0.03866666666666667 0.034666666666666665
0 0.9146666666666666 0.05366666666666667 0.15333333333333332 0.106
