1 0.11233333333333333 0.12933333333333333 0.118 0.09466666666666666
1 0.056 0.057666666666666665 0.10266666666666667 0.08333333333333333
1 0.22999999999999998 0.09466666666666666 0.12266666666666666 0.09733333333333333
0 0.31166666666666665 0.09066666666666666 0.08066666666666666 0.08666666666666667
1 0.19033333333333333 0.20033333333333334 0.11 0.13666666666666666
1 0.11166666666666666 0.23566666666666666 0.12466666666666666 0.12333333333333332
1 0.13733333333333334 0.328 0.06 0.064
1 0.2846666666666667 0.2593333333333333 0.09333333333333332 0.096
1 0.35833333333333334 0.22966666666666666 0.09533333333333333 0.11399999999999999
1 0.43133333333333335 0.048999999999999995 0.09999999999999999 0.094
1 0.41733333333333333 0.13233333333333333 0.092 0.08066666666666666
1 0.42766666666666664 0.19766666666666666 0.07666666666666666 0.07266666666666667
0 0.5093333333333333 0.132 0.10266666666666667 0.09999999999999999
0 0.5143333333333333 0.249 0.11666666666666667 0.10866666666666666
0 0.077 0.422 0.11666666666666667 0.104
0 0.17666666666666667 0.37966666666666665 0.096 0.11666666666666667
0 0.2513333333333333 0.36333333333333334 0.05466666666666666 0.06266666666666666
0 0.266 0.42966666666666664 0.108 0.08333333333333333
0 0.322 0.358 0.09866666666666667 0.12666666666666665
0 0.4103333333333333 0.3133333333333333 0.122 0.132
0 0.5756666666666667 0.33866666666666667 0.078 0.096
0 0.496 0.349 0.09333333333333332 0.09666666666666666
0 0.495 0.426 0.11133333333333333 0.09333333333333332
1 0.38166666666666665 0.4676666666666667 0.118 0.12866666666666665
1 0.095 0.5006666666666667 0.12466666666666666 0.09733333333333333
1 0.13866666666666666 0.5619999999999999 0.07066666666666667 0.06799999999999999
1 0.22633333333333333 0.515 0.11 0.09799999999999999
0 0.29866666666666664 0.495 0.06799999999999999 0.08333333333333333
0 0.263 0.6026666666666667 0.11933333333333333 0.09866666666666667
1 0.17166666666666666 0.62 0.08333333333333333 0.092
1 0.08133333333333333 0.6343333333333333 0.128 0.10466666666666666
1 0.127 0.704 0.11399999999999999 0.10666666666666666
0 0.152 0.7949999999999999 0.108 0.08066666666666666
1 0.05366666666666667 0.8099999999999999 0.09133333333333334 0.10266666666666667
1 0.081 0.8923333333333333 0.086 0.086
1 0.16033333333333333 0.8746666666666666 0.106 0.09066666666666666
1 0.19666666666666666 0.942 0.12266666666666666 0.08666666666666667
0 0.3763333333333333 0.9316666666666666 0.12866666666666665 0.10733333333333334
0 0.3923333333333333 0.8206666666666667 0.078 0.10133333333333333
0 0.4756666666666666 0.8096666666666666 0.08333333333333333 0.11266666666666666
0 0.5386666666666666 0.756 0.06266666666666666 0.072
0 0.6166666666666667 0.766 0.08533333333333333 0.13333333333333333
0 0.656 0.697 0.06666666666666667 0.062
0 0.594 0.642 0.064 0.056
0 0.5763333333333334 0.6973333333333334 0.056666666666666664 0.064
0 0.5223333333333333 0.6793333333333333 0.054 0.064
0 0.4493333333333333 0.6869999999999999 0.08933333333333333 0.07666666666666666
0 0.44866666666666666 0.6143333333333333 0.076 0.06066666666666667
0 0.4493333333333333 0.5346666666666666 0.12533333333333332 0.104
1 0.5433333333333333 0.4983333333333333 0.132 0.11
0 0.5466666666666666 0.5893333333333333 0.06133333333333333 0.06666666666666667
1 0.629 0.563 0.08466666666666667 0.10866666666666666
1 0.6689999999999999 0.631 0.08333333333333333 0.07533333333333334
0 0.7433333333333333 0.6616666666666666 0.06799999999999999 0.07533333333333334
1 0.7556666666666666 0.5886666666666667 0.07933333333333333 0.076
1 0.6923333333333334 0.5286666666666666 0.11399999999999999 0.104
1 0.7703333333333333 0.499 0.057999999999999996 0.07533333333333334
1 0.831 0.565 0.08333333333333333 0.09799999999999999
1 0.9033333333333333 0.5446666666666666 0.072 0.092
0 0.6819999999999999 0.444 0.112 0.10133333333333333
0 0.7839999999999999 0.41466666666666663 0.09733333333333333 0.10133333333333333
1 0.8603333333333333 0.44666666666666666 0.086 0.096
1 0.9346666666666666 0.433 0.06533333333333333 0.08466666666666667
1 0.872 0.35733333333333334 0.104 0.08266666666666667
1 0.9443333333333332 0.33999999999999997 0.074 0.09066666666666666
1 0.7646666666666666 0.3163333333333333 0.09999999999999999 0.08466666666666667
0 0.6826666666666666 0.27066666666666667 0.09466666666666666 0.13466666666666666
0 0.6763333333333333 0.06633333333333333 0.11533333333333333 0.102
0 0.8033333333333333 0.09633333333333333 0.10266666666666667 0.11933333333333333
0 0.886 0.07066666666666667 0.07066666666666667 0.09066666666666666
0 0.7416666666666667 0.18066666666666667 0.08733333333333333 0.06933333333333333
0 0.7173333333333333 0.13699999999999998 0.064 0.051333333333333335
1 0.7763333333333333 0.23866666666666667 0.07666666666666666 0.06533333333333333
1 0.839 0.21366666666666667 0.09 0.07666666666666666
1 0.855 0.151 0.08066666666666666 0.062
1 0.9096666666666666 0.18933333333333333 0.05933333333333333 0.07466666666666666
1 0.9483333333333333 0.247 0.08466666666666667 0.09
1 0.8666666666666666 0.27399999999999997 0.088 0.07733333333333334
1 0.955 0.09899999999999999 0.08066666666666666 0.08333333333333333
1 0.127 0.048666666666666664 0.08733333333333333 0.096
0 0.04 0.17266666666666666 0.07866666666666666 0.13333333333333333
0 0.056 0.27699999999999997 0.09866666666666667 0.09533333333333333
0 0.048666666666666664 0.3443333333333333 0.096 0.09133333333333334
0 0.036 0.6033333333333333 0.07066666666666667 0.09333333333333332
0 0.038 0.7273333333333333 0.058666666666666666 0.08933333333333333
0 0.07066666666666667 0.964 0.12533333333333332 0.072
0 0.289 0.9656666666666667 0.06333333333333332 0.06866666666666667
1 0.9703333333333333 0.17033333333333334 0.05933333333333333 0.07133333333333333
