0 0.12733333333333333 0.15933333333333333 0.13599999999999998 0.13733333333333334
0 0.173 0.23566666666666666 0.12733333333333333 0.126
0 0.29366666666666663 0.2733333333333333 0.16066666666666665 0.13733333333333334
0 0.19533333333333333 0.3403333333333333 0.13333333333333333 0.11666666666666667
0 0.32766666666666666 0.39 0.118 0.112
0 0.23333333333333334 0.4136666666666666 0.10666666666666666 0.07933333333333333
0 0.291 0.4703333333333333 0.10866666666666666 0.09
0 0.18166666666666667 0.49966666666666665 0.11533333333333333 0.11266666666666666
1 0.30133333333333334 0.5573333333333333 0.12933333333333333 0.08399999999999999
0 0.16533333333333333 0.6003333333333333 0.11866666666666666 0.09133333333333334
1 0.2783333333333333 0.8163333333333334 0.10866666666666666 0.11
1 0.257 0.633 0.11 0.08466666666666667
0 0.05633333333333333 0.6323333333333333 0.10333333333333333 0.14466666666666667
0 0.164 0.6966666666666667 0.12933333333333333 0.09866666666666667
1 0.31966666666666665 0.7043333333333333 0.154 0.11399999999999999
0 0.11399999999999999 0.7796666666666666 0.10666666666666666 0.10866666666666666
0 0.45466666666666666 0.36433333333333334 0.13066666666666665 0.13
0 0.486 0.47 0.10933333333333332 0.10266666666666667
0 0.5373333333333333 0.53 0.12933333333333333 0.09866666666666667
0 0.6646666666666666 0.5293333333333333 0.11066666666666666 0.10533333333333333
0 0.593 0.43166666666666664 0.12333333333333332 0.11533333333333333
0 0.701 0.41133333333333333 0.11933333333333333 0.13066666666666665
0 0.745 0.3163333333333333 0.158 0.12866666666666665
0 0.8723333333333333 0.26566666666666666 0.11 0.10866666666666666
0 0.9249999999999999 0.36 0.09266666666666666 0.07466666666666666
0 0.822 0.174 0.13466666666666666 0.14666666666666667
0 0.7733333333333333 0.07766666666666666 0.09866666666666667 0.12066666666666666
0 0.6943333333333334 0.17966666666666667 0.11533333333333333 0.14733333333333332
0 0.591 0.19533333333333333 0.08066666666666666 0.13733333333333334
0 0.48966666666666664 0.22033333333333333 0.12733333333333333 0.15666666666666665
0 0.375 0.15733333333333333 0.15933333333333333 0.19466666666666665
0 0.45966666666666667 0.08733333333333333 0.08466666666666667 0.10933333333333332
0 0.571 0.072 0.12333333333333332 0.13466666666666666
1 0.5823333333333333 0.74 0.11666666666666667 0.13466666666666666
0 0.6756666666666666 0.697 0.06066666666666667 0.08466666666666667
1 0.7813333333333333 0.7346666666666667 0.09999999999999999 0.07066666666666667
1 0.7326666666666667 0.8016666666666666 0.11333333333333333 0.11399999999999999
0 0.901 0.7726666666666666 0.11666666666666667 0.092
0 0.8583333333333333 0.8613333333333333 0.146 0.12533333333333332
0 0.8646666666666666 0.9476666666666667 0.08666666666666667 0.06999999999999999
0 0.7353333333333333 0.9503333333333333 0.10266666666666667 0.094
1 0.54 0.863 0.10133333333333333 0.12733333333333333
0 0.6343333333333333 0.8516666666666667 0.086 0.11933333333333333
0 0.7 0.8773333333333333 0.076 0.104
0 0.172 0.07833333333333332 0.19866666666666666 0.15533333333333332
0 0.3423333333333333 0.043666666666666666 0.11133333333333333 0.086
0 0.052 0.19633333333333333 0.10266666666666667 0.17666666666666667
0 0.5853333333333333 0.9616666666666667 0.096 0.07666666666666666
0 0.8273333333333333 0.39166666666666666 0.13999999999999999 0.106
0 0.9036666666666666 0.06866666666666667 0.16866666666666666 0.13599999999999998
