0 0.155 0.07533333333333334 0.15 0.144
0 0.06133333333333333 0.081 0.104 0.10866666666666666
0 0.264 0.074 0.11733333333333333 0.14666666666666667
0 0.6376666666666666 0.10233333333333333 0.118 0.11
0 0.7839999999999999 0.087 0.14666666666666667 0.14866666666666667
0 0.8506666666666667 0.17766666666666667 0.128 0.146
0 0.8943333333333333 0.28933333333333333 0.14066666666666666 0.14133333333333334
0 0.752 0.19133333333333333 0.10266666666666667 0.09333333333333332
0 0.769 0.2886666666666667 0.11666666666666667 0.10933333333333332
0 0.6263333333333333 0.20666666666666667 0.15133333333333332 0.15466666666666667
0 0.5033333333333333 0.24966666666666665 0.09999999999999999 0.126
0 0.3453333333333333 0.16433333333333333 0.172 0.13
0 0.409 0.2663333333333333 0.10866666666666666 0.11533333333333333
0 0.29666666666666663 0.27399999999999997 0.12266666666666666 0.16133333333333333
0 0.16599999999999998 0.301 0.16666666666666666 0.15666666666666665
0 0.15133333333333332 0.16699999999999998 0.14533333333333334 0.10333333333333333
0 0.066 0.20866666666666667 0.12 0.13066666666666665
0 0.641 0.32466666666666666 0.17533333333333334 0.11866666666666666
0 0.7736666666666666 0.39066666666666666 0.10733333333333334 0.10266666666666667
0 0.6696666666666666 0.42133333333333334 0.118 0.09466666666666666
0 0.5529999999999999 0.421 0.07933333333333333 0.086
0 0.48266666666666663 0.36166666666666664 0.09466666666666666 0.08866666666666666
0 0.35333333333333333 0.4043333333333333 0.17466666666666666 0.14733333333333332
0 0.43033333333333335 0.44466666666666665 0.08733333333333333 0.07466666666666666
0 0.10166666666666667 0.48533333333333334 0.12066666666666666 0.09733333333333333
0 0.20966666666666667 0.49566666666666664 0.12333333333333332 0.126
0 0.516 0.49133333333333334 0.14133333333333334 0.15466666666666667
0 0.635 0.497 0.11533333333333333 0.14066666666666666
0 0.7366666666666667 0.502 0.10266666666666667 0.13066666666666665
0 0.8506666666666667 0.4573333333333333 0.128 0.16133333333333333
0 0.8049999999999999 0.5926666666666667 0.14466666666666667 0.14266666666666666
0 0.594 0.6183333333333333 0.18666666666666665 0.16066666666666665
0 0.10333333333333333 0.6206666666666667 0.172 0.19066666666666665
0 0.20299999999999999 0.607 0.07933333333333333 0.08333333333333333
0 0.309 0.5846666666666667 0.178 0.17066666666666666
0 0.296 0.6976666666666667 0.176 0.12733333333333333
0 0.779 0.7223333333333333 0.14333333333333334 0.11666666666666667
0 0.9166666666666666 0.7226666666666667 0.16266666666666665 0.18666666666666665
0 0.902 0.9086666666666666 0.17733333333333332 0.16933333333333334
0 0.8059999999999999 0.8286666666666667 0.164 0.132
0 0.652 0.7616666666666666 0.156 0.18866666666666665
1 0.45266666666666666 0.7783333333333333 0.20666666666666667 0.178
0 0.3203333333333333 0.8079999999999999 0.11666666666666667 0.09866666666666667
0 0.18266666666666667 0.8276666666666667 0.16933333333333334 0.21266666666666667
0 0.4583333333333333 0.9226666666666666 0.19533333333333333 0.14666666666666667
0 0.5636666666666666 0.07433333333333333 0.102 0.14733333333333332
0 0.47833333333333333 0.07266666666666667 0.13933333333333334 0.144
0 0.371 0.063 0.15266666666666667 0.12466666666666666
0 0.25366666666666665 0.379 0.07933333333333333 0.08866666666666666
0 0.042333333333333334 0.4056666666666667 0.08333333333333333 0.09533333333333333
0 0.42833333333333334 0.5599999999999999 0.12466666666666666 0.15066666666666667
0 0.31266666666666665 0.9259999999999999 0.18533333333333332 0.148
0 0.087 0.9433333333333334 0.16466666666666666 0.11333333333333333
0 0.608 0.95 0.12533333333333332 0.09999999999999999
0 0.7056666666666667 0.613 0.056666666666666664 0.09666666666666666
0 0.9523333333333333 0.444 0.09533333333333333 0.16533333333333333
0 0.9139999999999999 0.06266666666666666 0.14666666666666667 0.124
0 0.6639999999999999 0.05366666666666667 0.12533333333333332 0.106
