0 0.5213333333333333 0.11299999999999999 0.06133333333333333 0.07533333333333334
0 0.45899999999999996 0.14566666666666667 0.07533333333333334 0.07666666666666666
0 0.5293333333333333 0.19466666666666665 0.076 0.06666666666666667
1 0.5223333333333333 0.2683333333333333 0.074 0.08333333333333333
0 0.33199999999999996 0.17266666666666666 0.12933333333333333 0.11333333333333333
0 0.2383333333333333 0.2683333333333333 0.078 0.086
0 0.4036666666666667 0.26566666666666666 0.08333333333333333 0.08333333333333333
0 0.33299999999999996 0.29 0.11666666666666667 0.124
0 0.955 0.5213333333333333 0.08333333333333333 0.08933333333333333
0 0.7126666666666667 0.5163333333333333 0.10666666666666666 0.09266666666666666
0 0.7143333333333333 0.594 0.11666666666666667 0.07333333333333333
0 0.7236666666666667 0.6669999999999999 0.09799999999999999 0.08333333333333333
0 0.7973333333333333 0.658 0.07066666666666667 0.06799999999999999
0 0.6403333333333333 0.705 0.13533333333333333 0.14866666666666667
0 0.748 0.7273333333333333 0.09733333333333333 0.10133333333333333
0 0.8713333333333333 0.834 0.12533333333333332 0.144
0 0.7666666666666666 0.8443333333333333 0.09866666666666667 0.07266666666666667
0 0.5816666666666667 0.8303333333333333 0.182 0.19266666666666665
0 0.48833333333333334 0.7043333333333333 0.14733333333333332 0.15
0 0.39566666666666667 0.9113333333333333 0.146 0.14133333333333334
0 0.302 0.7976666666666666 0.12266666666666666 0.12733333333333333
0 0.23399999999999999 0.9006666666666666 0.13599999999999998 0.13599999999999998
0 0.13699999999999998 0.9216666666666666 0.07533333333333334 0.082
0 0.14866666666666667 0.8303333333333333 0.148 0.09266666666666666
0 0.05633333333333333 0.7283333333333333 0.08866666666666666 0.11933333333333333
1 0.157 0.7303333333333333 0.10466666666666666 0.10466666666666666
0 0.5533333333333333 0.5509999999999999 0.092 0.118
1 0.4666666666666667 0.5589999999999999 0.08533333333333333 0.11399999999999999
0 0.39466666666666667 0.5223333333333333 0.10666666666666666 0.11666666666666667
0 0.3133333333333333 0.5253333333333333 0.072 0.10266666666666667
0 0.32766666666666666 0.6366666666666666 0.09266666666666666 0.10266666666666667
0 0.24233333333333332 0.6656666666666666 0.08066666666666666 0.09666666666666666
0 0.14566666666666667 0.624 0.12333333333333332 0.11066666666666666
0 0.24133333333333332 0.5776666666666667 0.09999999999999999 0.08466666666666667
0 0.16733333333333333 0.527 0.07733333333333334 0.08066666666666666
1 0.09566666666666666 0.4933333333333333 0.082 0.09466666666666666
0 0.08566666666666667 0.4116666666666666 0.08866666666666666 0.078
0 0.186 0.35366666666666663 0.13999999999999999 0.12066666666666666
1 0.18033333333333332 0.449 0.08466666666666667 0.07533333333333334
0 0.24733333333333332 0.5016666666666667 0.07866666666666666 0.078
0 0.25566666666666665 0.43566666666666665 0.051333333333333335 0.056666666666666664
0 0.32266666666666666 0.41566666666666663 0.09999999999999999 0.11399999999999999
0 0.4736666666666666 0.4323333333333333 0.10466666666666666 0.09666666666666666
0 0.482 0.36 0.05733333333333333 0.056
1 0.6853333333333333 0.10066666666666667 0.07466666666666666 0.06666666666666667
1 0.6 0.18933333333333333 0.06799999999999999 0.06666666666666667
1 0.6076666666666667 0.10066666666666667 0.066 0.06666666666666667
1 0.6063333333333333 0.344 0.05533333333333333 0.06
0 0.515 0.036 0.066 0.07066666666666667
0 0.617 0.024666666666666667 0.054 0.04666666666666666
1 0.6779999999999999 0.046 0.048 0.04533333333333333
0 0.689 0.183 0.038 0.04066666666666666
0 0.33199999999999996 0.35633333333333334 0.034666666666666665 0.03666666666666667
1 0.2373333333333333 0.7446666666666666 0.07466666666666666 0.06
0 0.047 0.8423333333333333 0.082 0.086
0 0.488 0.8596666666666667 0.08533333333333333 0.12333333333333332
0 0.5993333333333333 0.9526666666666667 0.11599999999999999 0.09466666666666666
0 0.777 0.9383333333333334 0.19933333333333333 0.12333333333333332
0 0.8119999999999999 0.7683333333333333 0.11866666666666666 0.12466666666666666
0 0.7146666666666667 0.8083333333333333 0.09333333333333332 0.08733333333333333
0 0.9326666666666666 0.637 0.13466666666666666 0.15666666666666665
1 0.692 0.36733333333333335 0.04133333333333333 0.04933333333333333
0 0.7706666666666666 0.06799999999999999 0.076 0.076
