0 0.07966666666666666 0.08466666666666667 0.102 0.09333333333333332
0 0.296 0.048999999999999995 0.10133333333333333 0.08866666666666666
0 0.5453333333333333 0.17466666666666666 0.16133333333333333 0.148
1 0.6596666666666666 0.183 0.082 0.09
0 0.823 0.15466666666666667 0.09666666666666666 0.08933333333333333
0 0.843 0.27166666666666667 0.082 0.082
0 0.631 0.2823333333333333 0.086 0.08066666666666666
0 0.5186666666666666 0.29533333333333334 0.10266666666666667 0.096
0 0.4083333333333333 0.33066666666666666 0.11533333333333333 0.14933333333333332
0 0.08866666666666666 0.3353333333333333 0.13733333333333334 0.10266666666666667
0 0.607 0.37666666666666665 0.13533333333333333 0.11066666666666666
0 0.741 0.37266666666666665 0.13666666666666666 0.13333333333333333
0 0.516 0.483 0.12533333333333332 0.154
0 0.6396666666666666 0.4933333333333333 0.13 0.12533333333333332
1 0.7516666666666666 0.493 0.054 0.054
0 0.844 0.47333333333333333 0.10533333333333333 0.096
0 0.9553333333333333 0.5509999999999999 0.08933333333333333 0.10066666666666667
1 0.9596666666666667 0.45366666666666666 0.05933333333333333 0.056666666666666664
0 0.854 0.5766666666666667 0.10666666666666666 0.09466666666666666
0 0.8463333333333333 0.769 0.174 0.18466666666666667
0 0.8773333333333333 0.9066666666666666 0.128 0.10666666666666666
0 0.6246666666666666 0.6906666666666667 0.13333333333333333 0.14133333333333334
0 0.5063333333333333 0.713 0.11666666666666667 0.178
0 0.5506666666666666 0.8156666666666667 0.12266666666666666 0.13266666666666665
1 0.6476666666666666 0.7979999999999999 0.07933333333333333 0.076
0 0.6803333333333333 0.9196666666666666 0.14866666666666667 0.15933333333333333
0 0.119 0.4343333333333333 0.17266666666666666 0.14866666666666667
0 0.10866666666666666 0.5573333333333333 0.216 0.144
1 0.16233333333333333 0.6516666666666666 0.11533333333333333 0.09133333333333334
0 0.22166666666666665 0.7553333333333333 0.15 0.176
0 0.06433333333333333 0.7756666666666666 0.11399999999999999 0.11666666666666667
1 0.15466666666666667 0.884 0.13866666666666666 0.13333333333333333
1 0.284 0.8573333333333333 0.064 0.072
1 0.39266666666666666 0.8576666666666667 0.10666666666666666 0.09533333333333333
0 0.4383333333333333 0.20066666666666666 0.05266666666666667 0.06666666666666667
0 0.37666666666666665 0.579 0.06 0.06866666666666667
0 0.33299999999999996 0.759 0.106 0.12333333333333332
0 0.417 0.7336666666666667 0.09933333333333333 0.13
0 0.329 0.9336666666666666 0.12733333333333333 0.13266666666666665
0 0.43866666666666665 0.9376666666666666 0.13066666666666665 0.12466666666666666
1 0.5619999999999999 0.9713333333333333 0.08533333333333333 0.05733333333333333
0 0.9523333333333333 0.772 0.07266666666666667 0.11733333333333333
