1 0.16533333333333333 0.5996666666666667 0.096 0.11266666666666666
1 0.33266666666666667 0.5619999999999999 0.11599999999999999 0.13466666666666666
1 0.2583333333333333 0.6356666666666666 0.12866666666666665 0.118
1 0.17633333333333331 0.7283333333333333 0.12066666666666666 0.122
0 0.15066666666666667 0.9079999999999999 0.12266666666666666 0.15466666666666667
1 0.24666666666666665 0.8079999999999999 0.12266666666666666 0.10933333333333332
1 0.236 0.9086666666666666 0.076 0.064
1 0.269 0.9496666666666667 0.08333333333333333 0.09799999999999999
1 0.33199999999999996 0.9413333333333334 0.06799999999999999 0.10666666666666666
1 0.38066666666666665 0.8423333333333333 0.07066666666666667 0.08333333333333333
0 0.433 0.9316666666666666 0.11666666666666667 0.12333333333333332
1 0.47433333333333333 0.7353333333333333 0.11666666666666667 0.172
0 0.3863333333333333 0.6496666666666666 0.08733333333333333 0.08733333333333333
1 0.38966666666666666 0.7386666666666667 0.05266666666666667 0.06799999999999999
1 0.29566666666666663 0.7176666666666667 0.08733333333333333 0.08466666666666667
1 0.491 0.5539999999999999 0.08333333333333333 0.10666666666666666
0 0.5533333333333333 0.6156666666666667 0.072 0.06333333333333332
0 0.5646666666666667 0.6946666666666667 0.072 0.092
0 0.6193333333333333 0.7879999999999999 0.096 0.09733333333333333
0 0.5459999999999999 0.9023333333333333 0.09866666666666667 0.14866666666666667
0 0.6456666666666666 0.8976666666666666 0.118 0.11933333333333333
1 0.647 0.688 0.08466666666666667 0.06666666666666667
1 0.6413333333333333 0.6073333333333333 0.09999999999999999 0.09999999999999999
1 0.5883333333333333 0.5123333333333333 0.11399999999999999 0.12333333333333332
1 0.7403333333333333 0.5846666666666667 0.09799999999999999 0.104
1 0.7436666666666666 0.6723333333333333 0.08866666666666666 0.08066666666666666
0 0.7396666666666667 0.7746666666666666 0.11399999999999999 0.10666666666666666
0 0.8183333333333334 0.82 0.054 0.10266666666666667
0 0.7563333333333333 0.8496666666666667 0.078 0.062
0 0.7576666666666666 0.9356666666666666 0.09666666666666666 0.10733333333333334
0 0.875 0.9156666666666666 0.09799999999999999 0.09933333333333333
0 0.9293333333333333 0.8293333333333333 0.124 0.128
0 0.8913333333333333 0.7323333333333333 0.13333333333333333 0.09133333333333334
0 0.9093333333333333 0.6283333333333333 0.13599999999999998 0.11933333333333333
0 0.8333333333333333 0.5683333333333334 0.08533333333333333 0.106
0 0.897 0.47333333333333333 0.11266666666666666 0.104
0 0.9456666666666667 0.539 0.10866666666666666 0.10466666666666666
1 0.057666666666666665 0.7063333333333333 0.11399999999999999 0.12066666666666666
0 0.05733333333333333 0.894 0.10266666666666667 0.12666666666666665
0 0.956 0.9456666666666667 0.08666666666666667 0.10866666666666666
1 0.96 0.708 0.06933333333333333 0.064
0 0.6776666666666666 0.5043333333333333 0.057999999999999996 0.05533333333333333
0 0.7763333333333333 0.47766666666666663 0.11 0.10466666666666666
