1 0.06266666666666666 0.28933333333333333 0.06799999999999999 0.064
1 0.18066666666666667 0.32 0.06799999999999999 0.072
1 0.09566666666666666 0.35933333333333334 0.07666666666666666 0.05466666666666666
1 0.07266666666666667 0.4073333333333333 0.06933333333333333 0.056
1 0.15633333333333332 0.41633333333333333 0.094 0.10466666666666666
1 0.26366666666666666 0.33599999999999997 0.08733333333333333 0.09333333333333332
1 0.321 0.43766666666666665 0.118 0.11933333333333333
1 0.09799999999999999 0.49133333333333334 0.072 0.07066666666666667
1 0.08366666666666667 0.563 0.08466666666666667 0.08066666666666666
0 0.143 0.599 0.038 0.05266666666666667
0 0.08733333333333333 0.6543333333333333 0.09333333333333332 0.08866666666666666
1 0.189 0.5003333333333333 0.07666666666666666 0.06066666666666667
1 0.18766666666666665 0.5746666666666667 0.09 0.076
1 0.37166666666666665 0.27399999999999997 0.07266666666666667 0.058666666666666666
0 0.38 0.3456666666666667 0.09733333333333333 0.07666666666666666
1 0.48133333333333334 0.349 0.09733333333333333 0.086
0 0.429 0.445 0.08466666666666667 0.08333333333333333
1 0.27499999999999997 0.5756666666666667 0.09 0.086
0 0.376 0.5943333333333333 0.10266666666666667 0.11
1 0.39199999999999996 0.522 0.06799999999999999 0.06266666666666666
0 0.4993333333333333 0.6283333333333333 0.13066666666666665 0.10866666666666666
1 0.48866666666666664 0.526 0.09866666666666667 0.096
1 0.605 0.5413333333333333 0.10866666666666666 0.10666666666666666
1 0.6523333333333333 0.45999999999999996 0.08333333333333333 0.092
1 0.7526666666666666 0.4713333333333333 0.10666666666666666 0.11066666666666666
1 0.9493333333333333 0.38166666666666665 0.092 0.08466666666666667
1 0.9463333333333332 0.474 0.08866666666666666 0.092
1 0.8013333333333333 0.5573333333333333 0.104 0.08
0 0.9163333333333333 0.5503333333333333 0.11666666666666667 0.094
1 0.7116666666666667 0.5469999999999999 0.08066666666666666 0.05933333333333333
0 0.703 0.6363333333333333 0.11266666666666666 0.10866666666666666
0 0.8089999999999999 0.6503333333333333 0.10333333333333333 0.106
0 0.9139999999999999 0.644 0.112 0.096
0 0.507 0.7226666666666667 0.082 0.07733333333333334
0 0.5 0.8946666666666666 0.11866666666666666 0.14133333333333334
0 0.597 0.819 0.07933333333333333 0.08733333333333333
0 0.6 0.7286666666666667 0.09333333333333332 0.10666666666666666
0 0.704 0.7346666666666667 0.10666666666666666 0.10133333333333333
1 0.7996666666666666 0.7476666666666666 0.08333333333333333 0.086
0 0.898 0.7413333333333333 0.10266666666666667 0.10666666666666666
0 0.6953333333333334 0.8323333333333333 0.108 0.094
0 0.7876666666666666 0.8253333333333333 0.08733333333333333 0.08933333333333333
0 0.6813333333333333 0.9329999999999999 0.108 0.12066666666666666
0 0.8793333333333333 0.94 0.09866666666666667 0.10933333333333332
0 0.778 0.9369999999999999 0.104 0.118
0 0.4116666666666666 0.7919999999999999 0.10866666666666666 0.092
0 0.4103333333333333 0.699 0.11399999999999999 0.10066666666666667
0 0.291 0.6926666666666667 0.122 0.12933333333333333
0 0.19366666666666665 0.737 0.094 0.118
0 0.20199999999999999 0.8466666666666667 0.108 0.10133333333333333
0 0.08966666666666666 0.849 0.11399999999999999 0.10866666666666666
0 0.295 0.778 0.08333333333333333 0.072
0 0.284 0.8676666666666666 0.08 0.10466666666666666
0 0.382 0.897 0.11866666666666666 0.13799999999999998
0 0.49133333333333334 0.8916666666666666 0.132 0.14866666666666667
1 0.020666666666666667 0.48933333333333334 0.04 0.048
0 0.12666666666666665 0.7266666666666667 0.06666666666666667 0.07866666666666666
0 0.052 0.9103333333333333 0.10266666666666667 0.11933333333333333
0 0.12266666666666666 0.9453333333333332 0.08 0.10266666666666667
0 0.2703333333333333 0.943 0.16866666666666666 0.11399999999999999
0 0.9546666666666667 0.9343333333333333 0.09066666666666666 0.12733333333333333
1 0.8703333333333333 0.8223333333333334 0.06333333333333332 0.08066666666666666
0 0.9556666666666667 0.8236666666666667 0.08866666666666666 0.11133333333333333
0 0.971 0.7376666666666667 0.057999999999999996 0.08333333333333333
