0 0.4653333333333333 0.142 0.12133333333333333 0.12266666666666666
0 0.6716666666666666 0.48233333333333334 0.106 0.10866666666666666
0 0.7176666666666667 0.383 0.08333333333333333 0.07933333333333333
1 0.8523333333333333 0.33899999999999997 0.11933333333333333 0.11399999999999999
1 0.9516666666666667 0.32666666666666666 0.082 0.09466666666666666
0 0.48466666666666663 0.647 0.16533333333333333 0.162
1 0.94 0.5476666666666666 0.09866666666666667 0.106
0 0.859 0.6543333333333333 0.086 0.086
0 0.7646666666666666 0.6719999999999999 0.13066666666666665 0.13999999999999999
0 0.645 0.704 0.11933333333333333 0.096
0 0.5589999999999999 0.749 0.11933333333333333 0.106
0 0.588 0.8393333333333333 0.128 0.128
0 0.7083333333333333 0.8099999999999999 0.12333333333333332 0.128
0 0.8186666666666667 0.8079999999999999 0.09999999999999999 0.12933333333333333
0 0.9169999999999999 0.7946666666666666 0.14466666666666667 0.19466666666666665
0 0.7126666666666667 0.9329999999999999 0.12933333333333333 0.13133333333333333
0 0.42233333333333334 0.8643333333333333 0.10466666666666666 0.14733333333333332
0 0.30133333333333334 0.8016666666666666 0.172 0.158
0 0.23433333333333334 0.6669999999999999 0.21666666666666665 0.20866666666666667
1 0.12233333333333334 0.026666666666666665 0.056666666666666664 0.052
0 0.09433333333333332 0.14466666666666667 0.03666666666666667 0.04666666666666666
0 0.7236666666666667 0.5913333333333333 0.03666666666666667 0.03733333333333333
0 0.46699999999999997 0.7523333333333333 0.046 0.049999999999999996
1 0.06 0.8193333333333334 0.08533333333333333 0.08133333333333333
0 0.12366666666666666 0.9196666666666666 0.05266666666666667 0.05266666666666667
1 0.205 0.9213333333333333 0.09533333333333333 0.09333333333333332
0 0.4086666666666667 0.9636666666666667 0.11733333333333333 0.07266666666666667
1 0.58 0.9333333333333333 0.112 0.08133333333333333
0 0.49066666666666664 0.9263333333333333 0.04 0.041999999999999996
0 0.9086666666666666 0.9403333333333334 0.03733333333333333 0.03666666666666667
