1 0.22066666666666665 0.24033333333333332 0.13066666666666665 0.15533333333333332
1 0.106 0.22 0.10266666666666667 0.12533333333333332
1 0.6666666666666666 0.23233333333333334 0.11466666666666667 0.122
1 0.866 0.11366666666666667 0.128 0.12333333333333332
0 0.9056666666666666 0.22 0.15666666666666665 0.13866666666666666
1 0.7786666666666666 0.23466666666666666 0.09733333333333333 0.104
1 0.36733333333333335 0.36066666666666664 0.13599999999999998 0.132
1 0.4923333333333333 0.3743333333333333 0.11133333333333333 0.11666666666666667
0 0.6123333333333333 0.36233333333333334 0.118 0.14333333333333334
1 0.7216666666666667 0.33666666666666667 0.10866666666666666 0.108
1 0.8506666666666667 0.31166666666666665 0.14133333333333334 0.10866666666666666
0 0.9113333333333333 0.3843333333333333 0.13466666666666666 0.11533333333333333
0 0.759 0.4423333333333333 0.14466666666666667 0.11399999999999999
0 0.6416666666666666 0.4543333333333333 0.09799999999999999 0.08333333333333333
0 0.5223333333333333 0.48566666666666664 0.126 0.11533333333333333
1 0.4046666666666667 0.48433333333333334 0.13066666666666665 0.118
0 0.9063333333333333 0.506 0.16333333333333333 0.164
0 0.7736666666666666 0.5676666666666667 0.13533333333333333 0.14066666666666666
0 0.6486666666666666 0.5566666666666666 0.124 0.124
0 0.5453333333333333 0.5783333333333334 0.09999999999999999 0.09133333333333334
0 0.4513333333333333 0.6036666666666667 0.09333333333333332 0.118
0 0.35266666666666663 0.594 0.096 0.104
1 0.3943333333333333 0.6809999999999999 0.082 0.086
0 0.586 0.6613333333333333 0.132 0.092
1 0.5013333333333333 0.6913333333333334 0.07333333333333333 0.08133333333333333
1 0.9 0.6316666666666666 0.10133333333333333 0.09266666666666666
0 0.8903333333333333 0.7683333333333333 0.146 0.178
0 0.7783333333333333 0.867 0.158 0.13666666666666666
0 0.6443333333333333 0.9026666666666666 0.126 0.13999999999999999
0 0.5589999999999999 0.7943333333333333 0.10333333333333333 0.12333333333333332
0 0.5506666666666666 0.9086666666666666 0.092 0.10533333333333333
1 0.4633333333333333 0.7916666666666666 0.09999999999999999 0.118
0 0.4403333333333333 0.9219999999999999 0.11533333333333333 0.14266666666666666
0 0.3303333333333333 0.941 0.10866666666666666 0.118
1 0.34099999999999997 0.8073333333333333 0.11666666666666667 0.14133333333333334
1 0.24033333333333332 0.5853333333333333 0.118 0.128
1 0.10433333333333333 0.5196666666666666 0.12066666666666666 0.11133333333333333
1 0.082 0.7163333333333333 0.10666666666666666 0.12333333333333332
1 0.20166666666666666 0.713 0.12066666666666666 0.10866666666666666
1 0.11733333333333333 0.8313333333333333 0.12 0.09866666666666667
1 0.22766666666666666 0.82 0.09266666666666666 0.10266666666666667
1 0.20366666666666666 0.4963333333333333 0.07133333333333333 0.09133333333333334
1 0.311 0.4983333333333333 0.06333333333333332 0.086
1 0.057999999999999996 0.5986666666666667 0.10133333333333333 0.092
0 0.6603333333333333 0.7666666666666666 0.08066666666666666 0.09333333333333332
1 0.22799999999999998 0.9436666666666667 0.06799999999999999 0.09666666666666666
0 0.833 0.9613333333333333 0.13266666666666665 0.07733333333333334
0 0.9486666666666667 0.9523333333333333 0.09866666666666667 0.09533333333333333
1 0.97 0.873 0.06 0.07933333333333333
1 0.765 0.7593333333333333 0.03933333333333333 0.04533333333333333
1 0.783 0.661 0.074 0.09133333333333334
0 0.964 0.10133333333333333 0.072 0.09733333333333333
