0 0.18066666666666667 0.07733333333333334 0.12666666666666665 0.13733333333333334
0 0.29033333333333333 0.08366666666666667 0.09533333333333333 0.12466666666666666
0 0.391 0.09766666666666667 0.09933333333333333 0.18066666666666667
0 0.27 0.174 0.092 0.11333333333333333
0 0.06733333333333333 0.151 0.128 0.118
0 0.17366666666666666 0.18133333333333332 0.06466666666666666 0.06799999999999999
0 0.5126666666666666 0.079 0.12933333333333333 0.14866666666666667
0 0.4656666666666667 0.20733333333333331 0.13133333333333333 0.12533333333333332
0 0.5846666666666667 0.181 0.10666666666666666 0.12466666666666666
0 0.7776666666666666 0.122 0.17933333333333332 0.20133333333333334
0 0.9133333333333333 0.11366666666666667 0.11066666666666666 0.126
0 0.6826666666666666 0.19766666666666666 0.09466666666666666 0.11666666666666667
0 0.7536666666666666 0.315 0.08333333333333333 0.11533333333333333
0 0.659 0.31033333333333335 0.11133333333333333 0.122
0 0.5446666666666666 0.30533333333333335 0.12666666666666665 0.09333333333333332
0 0.3793333333333333 0.27066666666666667 0.10133333333333333 0.12933333333333333
0 0.07033333333333333 0.26266666666666666 0.11933333333333333 0.09733333333333333
0 0.07766666666666666 0.38366666666666666 0.10733333333333334 0.13
0 0.173 0.38566666666666666 0.09666666666666666 0.118
0 0.175 0.2733333333333333 0.09799999999999999 0.09066666666666666
0 0.26166666666666666 0.271 0.15266666666666667 0.15
0 0.254 0.3863333333333333 0.10133333333333333 0.11399999999999999
0 0.364 0.39066666666666666 0.124 0.13066666666666665
0 0.47433333333333333 0.381 0.11133333333333333 0.158
0 0.5903333333333333 0.438 0.102 0.172
0 0.6823333333333333 0.451 0.08333333333333333 0.146
0 0.9326666666666666 0.4953333333333333 0.12266666666666666 0.17333333333333334
0 0.7826666666666666 0.481 0.15333333333333332 0.21933333333333332
0 0.17433333333333334 0.49766666666666665 0.122 0.11399999999999999
0 0.2853333333333333 0.5043333333333333 0.09999999999999999 0.11133333333333333
0 0.38966666666666666 0.5073333333333333 0.106 0.12
0 0.493 0.5163333333333333 0.11266666666666666 0.12066666666666666
0 0.16533333333333333 0.633 0.14533333333333334 0.154
0 0.097 0.6726666666666666 0.07933333333333333 0.058666666666666666
0 0.28933333333333333 0.6456666666666666 0.10266666666666667 0.174
0 0.3773333333333333 0.6413333333333333 0.09999999999999999 0.17066666666666666
0 0.47 0.6496666666666666 0.108 0.174
0 0.5693333333333334 0.6386666666666666 0.096 0.16799999999999998
0 0.6679999999999999 0.6466666666666666 0.09333333333333332 0.16533333333333333
0 0.7533333333333333 0.6463333333333333 0.06666666666666667 0.10866666666666666
0 0.84 0.6629999999999999 0.10133333333333333 0.15533333333333332
0 0.9126666666666666 0.6953333333333334 0.132 0.204
0 0.6096666666666667 0.7386666666666667 0.07133333333333333 0.06533333333333333
0 0.72 0.758 0.07466666666666666 0.12933333333333333
0 0.96 0.8506666666666667 0.07733333333333334 0.09733333333333333
0 0.6596666666666666 0.7936666666666666 0.09266666666666666 0.08333333333333333
0 0.5813333333333334 0.8246666666666667 0.07466666666666666 0.07866666666666666
0 0.52 0.7566666666666666 0.108 0.076
0 0.473 0.8203333333333334 0.10866666666666666 0.09
0 0.4533333333333333 0.8913333333333333 0.10533333333333333 0.088
0 0.542 0.8983333333333333 0.06533333333333333 0.07666666666666666
0 0.3873333333333333 0.7673333333333333 0.096 0.09999999999999999
0 0.30733333333333335 0.829 0.13333333333333333 0.146
0 0.282 0.9263333333333333 0.05466666666666666 0.048666666666666664
0 0.3453333333333333 0.9086666666666666 0.058666666666666666 0.05333333333333333
0 0.17833333333333332 0.854 0.11666666666666667 0.09333333333333332
0 0.21033333333333332 0.7523333333333333 0.142 0.11
0 0.09433333333333332 0.751 0.11266666666666666 0.11933333333333333
0 0.06533333333333333 0.858 0.10666666666666666 0.09866666666666667
0 0.10433333333333333 0.9373333333333334 0.12333333333333332 0.09333333333333332
0 0.06266666666666666 0.595 0.124 0.14733333333333332
0 0.03733333333333333 0.7636666666666666 0.07333333333333333 0.12866666666666665
0 0.21233333333333332 0.9209999999999999 0.06466666666666666 0.06333333333333332
0 0.40599999999999997 0.9586666666666667 0.036 0.044
0 0.5963333333333333 0.9583333333333333 0.074 0.08333333333333333
0 0.6656666666666666 0.962 0.082 0.076
0 0.6556666666666666 0.8663333333333333 0.074 0.086
0 0.9023333333333333 0.8326666666666667 0.10466666666666666 0.092
