0 0.832 0.09766666666666667 0.13733333333333334 0.158
1 0.641 0.08566666666666667 0.10066666666666667 0.11
1 0.755 0.179 0.08866666666666666 0.07933333333333333
0 0.23766666666666666 0.10166666666666667 0.10733333333333334 0.11666666666666667
1 0.13 0.08399999999999999 0.09733333333333333 0.09733333333333333
1 0.111 0.20299999999999999 0.10733333333333334 0.11399999999999999
0 0.23766666666666666 0.21266666666666667 0.11266666666666666 0.128
1 0.3486666666666667 0.22599999999999998 0.07066666666666667 0.06533333333333333
1 0.46266666666666667 0.25366666666666665 0.08533333333333333 0.11266666666666666
1 0.6486666666666666 0.26966666666666667 0.08533333333333333 0.09133333333333334
1 0.7526666666666666 0.2816666666666667 0.10933333333333332 0.11266666666666666
0 0.10633333333333334 0.3463333333333333 0.142 0.14466666666666667
1 0.078 0.4686666666666667 0.12666666666666665 0.128
1 0.22766666666666666 0.3446666666666667 0.09266666666666666 0.09733333333333333
1 0.189 0.45799999999999996 0.11 0.11866666666666666
1 0.28633333333333333 0.46699999999999997 0.082 0.078
0 0.33266666666666667 0.3426666666666667 0.16666666666666666 0.16799999999999998
1 0.5473333333333333 0.36833333333333335 0.07866666666666666 0.08066666666666666
1 0.6646666666666666 0.376 0.072 0.07333333333333333
1 0.7673333333333333 0.381 0.108 0.086
1 0.4036666666666667 0.471 0.09133333333333334 0.08866666666666666
1 0.5086666666666666 0.4503333333333333 0.09866666666666667 0.08333333333333333
0 0.6156666666666667 0.47766666666666663 0.11666666666666667 0.12066666666666666
1 0.725 0.4756666666666666 0.10733333333333334 0.11666666666666667
0 0.8293333333333333 0.49 0.09866666666666667 0.12666666666666665
1 0.8903333333333333 0.606 0.12066666666666666 0.10266666666666667
1 0.6553333333333333 0.611 0.12 0.13533333333333333
1 0.7613333333333333 0.5926666666666667 0.06799999999999999 0.06266666666666666
0 0.4713333333333333 0.5786666666666667 0.128 0.132
1 0.34199999999999997 0.5706666666666667 0.13466666666666666 0.12933333333333333
1 0.03966666666666666 0.6669999999999999 0.07533333333333334 0.106
1 0.13266666666666665 0.6669999999999999 0.128 0.106
0 0.26666666666666666 0.651 0.132 0.12066666666666666
1 0.5373333333333333 0.6766666666666666 0.09866666666666667 0.09733333333333333
0 0.577 0.7636666666666666 0.15266666666666667 0.11533333333333333
1 0.46066666666666667 0.761 0.09999999999999999 0.15666666666666665
1 0.369 0.7383333333333333 0.08866666666666666 0.118
1 0.27566666666666667 0.777 0.11399999999999999 0.11933333333333333
1 0.16366666666666665 0.7879999999999999 0.118 0.14133333333333334
1 0.06466666666666666 0.7673333333333333 0.09733333333333333 0.09999999999999999
0 0.03833333333333333 0.07233333333333333 0.07533333333333334 0.11133333333333333
0 0.4013333333333333 0.06966666666666667 0.09333333333333332 0.09933333333333333
0 0.49033333333333334 0.06333333333333332 0.06999999999999999 0.06799999999999999
1 0.5539999999999999 0.26566666666666666 0.022666666666666665 0.026
1 0.6356666666666666 0.17966666666666667 0.054 0.057999999999999996
1 0.9796666666666667 0.609 0.038 0.048666666666666664
1 0.9513333333333333 0.41433333333333333 0.08399999999999999 0.11666666666666667
