0 0.21966666666666665 0.104 0.15133333333333332 0.14266666666666666
0 0.327 0.11666666666666667 0.11666666666666667 0.132
0 0.42166666666666663 0.178 0.15 0.13866666666666666
0 0.3223333333333333 0.24066666666666667 0.12066666666666666 0.13866666666666666
0 0.21033333333333332 0.21033333333333332 0.122 0.11399999999999999
0 0.14166666666666666 0.287 0.11266666666666666 0.118
0 0.22766666666666666 0.3213333333333333 0.09266666666666666 0.09999999999999999
0 0.10366666666666666 0.47866666666666663 0.08866666666666666 0.09333333333333332
0 0.09166666666666666 0.5823333333333333 0.11 0.11133333333333333
0 0.20433333333333334 0.4513333333333333 0.126 0.12933333333333333
0 0.18266666666666667 0.5553333333333333 0.13333333333333333 0.09866666666666667
0 0.33899999999999997 0.39266666666666666 0.09533333333333333 0.10933333333333332
0 0.3173333333333333 0.5123333333333333 0.12266666666666666 0.12066666666666666
0 0.25066666666666665 0.6153333333333333 0.13333333333333333 0.09999999999999999
0 0.19333333333333333 0.688 0.16266666666666665 0.15866666666666665
0 0.111 0.828 0.182 0.164
0 0.09033333333333333 0.9393333333333334 0.09799999999999999 0.09733333333333333
0 0.17833333333333332 0.9059999999999999 0.08866666666666666 0.10266666666666667
0 0.22899999999999998 0.8026666666666666 0.08733333333333333 0.11066666666666666
0 0.25966666666666666 0.9086666666666666 0.09266666666666666 0.10266666666666667
0 0.302 0.743 0.09999999999999999 0.11266666666666666
0 0.39766666666666667 0.7919999999999999 0.11399999999999999 0.12
0 0.378 0.9109999999999999 0.13999999999999999 0.118
0 0.45066666666666666 0.6926666666666667 0.07733333333333334 0.096
1 0.39666666666666667 0.6176666666666667 0.03866666666666667 0.043333333333333335
0 0.5673333333333334 0.6853333333333333 0.13066666666666665 0.164
0 0.5846666666666667 0.867 0.07333333333333333 0.086
0 0.9326666666666666 0.8516666666666667 0.07466666666666666 0.08333333333333333
0 0.7703333333333333 0.7716666666666666 0.122 0.118
0 0.7036666666666667 0.6753333333333333 0.11666666666666667 0.11333333333333333
1 0.8003333333333333 0.6646666666666666 0.082 0.09866666666666667
0 0.881 0.6556666666666666 0.08066666666666666 0.08333333333333333
0 0.9513333333333333 0.25033333333333335 0.09066666666666666 0.11399999999999999
0 0.7723333333333333 0.2733333333333333 0.062 0.07333333333333333
0 0.6093333333333333 0.19166666666666665 0.144 0.12866666666666665
0 0.6473333333333333 0.2833333333333333 0.12933333333333333 0.10133333333333333
0 0.5499999999999999 0.374 0.11466666666666667 0.13333333333333333
0 0.6639999999999999 0.3843333333333333 0.12133333333333333 0.11533333333333333
0 0.6306666666666666 0.472 0.09333333333333332 0.07866666666666666
0 0.5326666666666666 0.104 0.04133333333333333 0.050666666666666665
0 0.2816666666666667 0.8119999999999999 0.06066666666666667 0.072
0 0.2693333333333333 0.9686666666666667 0.11599999999999999 0.06266666666666666
0 0.607 0.969 0.06733333333333333 0.062
