1 0.763 0.043333333333333335 0.08333333333333333 0.072
1 0.7966666666666666 0.122 0.092 0.09333333333333332
0 0.689 0.11966666666666666 0.118 0.11399999999999999
1 0.741 0.22333333333333333 0.12466666666666666 0.12133333333333333
1 0.38566666666666666 0.122 0.11133333333333333 0.12933333333333333
0 0.3443333333333333 0.19699999999999998 0.12333333333333332 0.12333333333333332
0 0.13333333333333333 0.14033333333333334 0.104 0.11666666666666667
0 0.11499999999999999 0.33366666666666667 0.118 0.11399999999999999
0 0.237 0.308 0.10866666666666666 0.09866666666666667
1 0.876 0.36133333333333334 0.06666666666666667 0.06933333333333333
0 0.7646666666666666 0.414 0.13599999999999998 0.124
0 0.252 0.5396666666666666 0.09466666666666666 0.08466666666666667
1 0.062 0.6296666666666666 0.108 0.11399999999999999
1 0.14866666666666667 0.6343333333333333 0.08133333333333333 0.09266666666666666
0 0.2543333333333333 0.638 0.11533333333333333 0.108
1 0.498 0.7746666666666666 0.11066666666666666 0.12666666666666665
1 0.9313333333333333 0.5816666666666667 0.06666666666666667 0.07666666666666666
0 0.026333333333333334 0.36966666666666664 0.051333333333333335 0.134
1 0.5 0.18966666666666665 0.04133333333333333 0.03666666666666667
1 0.416 0.27566666666666667 0.05733333333333333 0.06466666666666666
1 0.4453333333333333 0.293 0.048 0.06999999999999999
0 0.129 0.7453333333333333 0.03933333333333333 0.05333333333333333
0 0.21033333333333332 0.9533333333333333 0.07266666666666667 0.056
1 0.7786666666666666 0.496 0.096 0.07333333333333333
0 0.9476666666666667 0.349 0.082 0.07933333333333333
