0 0.372 0.11866666666666666 0.09866666666666667 0.09733333333333333
1 0.373 0.03933333333333333 0.06999999999999999 0.058666666666666666
1 0.185 0.265 0.082 0.06466666666666666
0 0.40066666666666667 0.24066666666666667 0.144 0.11599999999999999
0 0.6436666666666666 0.13866666666666666 0.10866666666666666 0.10666666666666666
0 0.7673333333333333 0.15733333333333333 0.16133333333333333 0.192
0 0.7193333333333333 0.2703333333333333 0.12933333333333333 0.118
0 0.5673333333333334 0.30433333333333334 0.12 0.122
0 0.6613333333333333 0.351 0.09866666666666667 0.11266666666666666
1 0.7693333333333333 0.3843333333333333 0.13466666666666666 0.11533333333333333
0 0.45866666666666667 0.33999999999999997 0.09866666666666667 0.112
0 0.5783333333333334 0.44366666666666665 0.08066666666666666 0.078
1 0.2866666666666667 0.344 0.13866666666666666 0.132
0 0.12433333333333332 0.377 0.09666666666666666 0.08866666666666666
0 0.04433333333333333 0.49566666666666664 0.082 0.082
0 0.14866666666666667 0.476 0.124 0.112
0 0.35966666666666663 0.4706666666666667 0.07933333333333333 0.06799999999999999
0 0.45499999999999996 0.45466666666666666 0.094 0.07733333333333334
0 0.5263333333333333 0.5469999999999999 0.09266666666666666 0.09533333333333333
0 0.418 0.5529999999999999 0.124 0.11133333333333333
0 0.31966666666666665 0.5556666666666666 0.09 0.08333333333333333
0 0.20299999999999999 0.5963333333333333 0.12333333333333332 0.122
0 0.3403333333333333 0.6649999999999999 0.162 0.18733333333333332
0 0.48466666666666663 0.6553333333333333 0.13466666666666666 0.13466666666666666
0 0.5173333333333333 0.7413333333333333 0.16933333333333334 0.148
0 0.089 0.592 0.10466666666666666 0.09999999999999999
0 0.14466666666666667 0.6963333333333334 0.16266666666666665 0.10866666666666666
0 0.13466666666666666 0.7913333333333333 0.12933333333333333 0.112
0 0.32366666666666666 0.8483333333333333 0.11266666666666666 0.13533333333333333
0 0.4383333333333333 0.84 0.11399999999999999 0.13733333333333334
0 0.5633333333333334 0.9136666666666666 0.12266666666666666 0.15133333333333332
0 0.043666666666666666 0.06066666666666667 0.086 0.10533333333333333
0 0.44466666666666665 0.9356666666666666 0.14266666666666666 0.12866666666666665
0 0.30633333333333335 0.9443333333333332 0.13266666666666665 0.11133333333333333
