0 0.134 0.11833333333333333 0.20533333333333334 0.23533333333333334
0 0.41433333333333333 0.063 0.11666666666666667 0.11933333333333333
0 0.289 0.11166666666666666 0.11266666666666666 0.10866666666666666
0 0.2653333333333333 0.25666666666666665 0.12133333333333333 0.12933333333333333
0 0.39766666666666667 0.16366666666666665 0.06066666666666667 0.05933333333333333
0 0.5206666666666666 0.19066666666666665 0.07333333333333333 0.07466666666666666
0 0.6933333333333334 0.149 0.13466666666666666 0.11666666666666667
0 0.8273333333333333 0.15133333333333332 0.09733333333333333 0.096
0 0.6013333333333333 0.24566666666666667 0.204 0.146
0 0.7909999999999999 0.22766666666666666 0.07266666666666667 0.054
0 0.755 0.3406666666666667 0.09133333333333334 0.11066666666666666
0 0.8743333333333333 0.285 0.16733333333333333 0.194
0 0.092 0.492 0.12266666666666666 0.10933333333333332
0 0.20766666666666667 0.45366666666666666 0.16333333333333333 0.146
0 0.2786666666666667 0.3823333333333333 0.13066666666666665 0.11933333333333333
0 0.6063333333333333 0.37 0.17533333333333334 0.172
0 0.45466666666666666 0.359 0.156 0.17933333333333332
0 0.447 0.491 0.15133333333333332 0.09666666666666666
0 0.3793333333333333 0.41566666666666663 0.05733333333333333 0.04733333333333333
0 0.9309999999999999 0.46199999999999997 0.12066666666666666 0.16533333333333333
0 0.9063333333333333 0.634 0.06333333333333332 0.064
0 0.7163333333333333 0.5586666666666666 0.15 0.13333333333333333
0 0.607 0.4766666666666666 0.082 0.07733333333333334
0 0.4993333333333333 0.588 0.17733333333333332 0.13333333333333333
0 0.17933333333333332 0.567 0.13733333333333334 0.07533333333333334
0 0.07266666666666667 0.6779999999999999 0.104 0.10266666666666667
0 0.191 0.6706666666666666 0.14466666666666667 0.13466666666666666
0 0.127 0.8843333333333333 0.15533333333333332 0.182
0 0.248 0.8483333333333333 0.09733333333333333 0.15133333333333332
0 0.3213333333333333 0.6876666666666666 0.16 0.20066666666666666
0 0.5256666666666666 0.6963333333333334 0.086 0.08066666666666666
0 0.6233333333333333 0.6746666666666666 0.09866666666666667 0.15733333333333333
0 0.7333333333333333 0.7586666666666666 0.14533333333333334 0.11066666666666666
0 0.8876666666666666 0.7956666666666666 0.154 0.14333333333333334
0 0.891 0.9193333333333333 0.142 0.13733333333333334
0 0.702 0.874 0.13066666666666665 0.11733333333333333
0 0.5916666666666667 0.894 0.102 0.10666666666666666
0 0.5486666666666666 0.8066666666666666 0.13733333333333334 0.13999999999999999
0 0.048666666666666664 0.13766666666666666 0.09466666666666666 0.13666666666666666
0 0.06033333333333333 0.41233333333333333 0.11933333333333333 0.154
0 0.6916666666666667 0.45399999999999996 0.07266666666666667 0.064
0 0.283 0.522 0.051333333333333335 0.050666666666666665
0 0.06633333333333333 0.576 0.13133333333333333 0.144
0 0.21433333333333332 0.953 0.13933333333333334 0.094
0 0.6953333333333334 0.9583333333333333 0.20133333333333334 0.08333333333333333
0 0.9666666666666667 0.8833333333333333 0.06666666666666667 0.06266666666666666
0 0.7846666666666666 0.8253333333333333 0.08 0.07733333333333334
0 0.8523333333333333 0.5376666666666666 0.046 0.05933333333333333
0 0.9533333333333333 0.13966666666666666 0.09333333333333332 0.13933333333333334
