0 0.11933333333333333 0.06633333333333333 0.13466666666666666 0.13133333333333333
0 0.2533333333333333 0.06166666666666666 0.13599999999999998 0.11933333333333333
0 0.161 0.17833333333333332 0.126 0.15
0 0.25266666666666665 0.17966666666666667 0.10933333333333332 0.14733333333333332
0 0.328 0.25466666666666665 0.10133333333333333 0.092
0 0.357 0.15333333333333332 0.11 0.09999999999999999
0 0.35766666666666663 0.067 0.08866666666666666 0.08066666666666666
0 0.47933333333333333 0.06233333333333333 0.10933333333333332 0.11
0 0.6666666666666666 0.14333333333333334 0.11466666666666667 0.11066666666666666
0 0.8723333333333333 0.06833333333333333 0.05933333333333333 0.06066666666666667
1 0.9326666666666666 0.12966666666666665 0.08266666666666667 0.08066666666666666
0 0.7443333333333333 0.2553333333333333 0.09 0.15466666666666667
1 0.8423333333333333 0.247 0.08333333333333333 0.09533333333333333
0 0.9159999999999999 0.35233333333333333 0.14933333333333332 0.118
1 0.7973333333333333 0.365 0.09066666666666666 0.07933333333333333
0 0.7056666666666667 0.368 0.07933333333333333 0.09866666666666667
0 0.635 0.258 0.118 0.14266666666666666
0 0.5033333333333333 0.251 0.13866666666666666 0.14066666666666666
0 0.618 0.381 0.10133333333333333 0.10866666666666666
0 0.5183333333333333 0.38366666666666666 0.118 0.12733333333333333
0 0.42 0.37666666666666665 0.12533333333333332 0.164
0 0.30766666666666664 0.3733333333333333 0.134 0.148
0 0.21733333333333332 0.29 0.108 0.10133333333333333
0 0.13999999999999999 0.36333333333333334 0.16799999999999998 0.17066666666666666
0 0.094 0.48866666666666664 0.16133333333333333 0.132
0 0.27499999999999997 0.4643333333333333 0.11533333333333333 0.09666666666666666
1 0.4493333333333333 0.4683333333333333 0.06133333333333333 0.05266666666666667
0 0.10733333333333334 0.5726666666666667 0.06666666666666667 0.064
0 0.27999999999999997 0.5943333333333333 0.144 0.154
0 0.389 0.578 0.09266666666666666 0.13866666666666666
0 0.4923333333333333 0.571 0.13666666666666666 0.15
0 0.5673333333333334 0.5516666666666666 0.058666666666666666 0.08066666666666666
0 0.655 0.5433333333333333 0.11933333333333333 0.12266666666666666
0 0.7546666666666666 0.481 0.13866666666666666 0.12466666666666666
0 0.9376666666666666 0.4623333333333333 0.11533333333333333 0.11266666666666666
0 0.8923333333333333 0.5836666666666667 0.15533333333333332 0.17266666666666666
0 0.7743333333333333 0.5696666666666667 0.09933333333333333 0.08333333333333333
0 0.09233333333333334 0.6786666666666666 0.12466666666666666 0.12933333333333333
0 0.188 0.6643333333333333 0.13866666666666666 0.16333333333333333
0 0.172 0.7946666666666666 0.13733333333333334 0.108
0 0.04933333333333333 0.874 0.09466666666666666 0.07466666666666666
0 0.054 0.7879999999999999 0.10133333333333333 0.10533333333333333
0 0.29433333333333334 0.771 0.11533333333333333 0.11666666666666667
0 0.23766666666666666 0.8773333333333333 0.11 0.096
0 0.35233333333333333 0.8656666666666666 0.08333333333333333 0.078
0 0.413 0.8323333333333333 0.05533333333333333 0.06999999999999999
0 0.48266666666666663 0.858 0.10533333333333333 0.10133333333333333
0 0.493 0.7606666666666666 0.11266666666666666 0.10933333333333332
0 0.5666666666666667 0.761 0.096 0.082
0 0.5596666666666666 0.6779999999999999 0.126 0.10533333333333333
0 0.654 0.656 0.07333333333333333 0.08666666666666667
0 0.6736666666666666 0.7603333333333333 0.09533333333333333 0.11133333333333333
0 0.7943333333333333 0.7836666666666666 0.15933333333333333 0.142
0 0.8896666666666666 0.767 0.08333333333333333 0.086
0 0.6793333333333333 0.9099999999999999 0.12933333333333333 0.12533333333333332
0 0.7993333333333333 0.9189999999999999 0.15066666666666667 0.14333333333333334
0 0.9136666666666666 0.897 0.11533333333333333 0.14333333333333334
1 0.6973333333333334 0.06433333333333333 0.03866666666666667 0.03933333333333333
1 0.19133333333333333 0.46799999999999997 0.05466666666666666 0.06133333333333333
1 0.19733333333333333 0.575 0.06266666666666666 0.06866666666666667
0 0.15233333333333332 0.8546666666666667 0.06733333333333333 0.06933333333333333
0 0.09266666666666666 0.9289999999999999 0.18133333333333332 0.142
0 0.20066666666666666 0.9573333333333333 0.08533333333333333 0.08533333333333333
0 0.31166666666666665 0.938 0.14733333333333332 0.124
0 0.4443333333333333 0.9349999999999999 0.134 0.13
0 0.5726666666666667 0.9296666666666666 0.128 0.14066666666666666
0 0.7663333333333333 0.6576666666666666 0.17533333333333334 0.14333333333333334
1 0.8313333333333333 0.46266666666666667 0.05733333333333333 0.07333333333333333
0 0.95 0.21966666666666665 0.09999999999999999 0.142
