0 0.9259999999999999 0.449 0.13599999999999998 0.142
0 0.9 0.6376666666666666 0.13466666666666666 0.086
0 0.8666666666666666 0.725 0.19599999999999998 0.182
0 0.9219999999999999 0.8953333333333333 0.12933333333333333 0.16
0 0.7926666666666666 0.881 0.19733333333333333 0.21933333333333332
0 0.6553333333333333 0.8073333333333333 0.096 0.13066666666666665
0 0.484 0.896 0.13066666666666665 0.13866666666666666
0 0.575 0.9286666666666666 0.07666666666666666 0.104
0 0.6456666666666666 0.9363333333333334 0.09 0.11933333333333333
0 0.591 0.8296666666666667 0.09666666666666666 0.106
0 0.6176666666666667 0.724 0.08733333333333333 0.11599999999999999
0 0.521 0.774 0.12066666666666666 0.10533333333333333
0 0.40399999999999997 0.76 0.09866666666666667 0.08933333333333333
0 0.09166666666666666 0.5439999999999999 0.17133333333333334 0.20133333333333334
0 0.06666666666666667 0.8109999999999999 0.10666666666666666 0.07933333333333333
0 0.10266666666666667 0.6946666666666667 0.19066666666666665 0.19466666666666665
0 0.6653333333333333 0.5483333333333333 0.12666666666666665 0.11266666666666666
0 0.2643333333333333 0.24566666666666667 0.14733333333333332 0.15
0 0.31766666666666665 0.12266666666666666 0.18333333333333332 0.16666666666666666
0 0.5083333333333333 0.08533333333333333 0.13533333333333333 0.16666666666666666
0 0.507 0.24666666666666665 0.12333333333333332 0.10133333333333333
0 0.7603333333333333 0.24833333333333332 0.11666666666666667 0.118
0 0.6506666666666666 0.16433333333333333 0.16933333333333334 0.13933333333333334
0 0.6753333333333333 0.08533333333333333 0.16799999999999998 0.13066666666666665
0 0.8473333333333333 0.12133333333333333 0.22666666666666666 0.22266666666666665
