0 0.895 0.837 0.10866666666666666 0.118
0 0.9466666666666667 0.9426666666666667 0.08933333333333333 0.088
0 0.7 0.819 0.15733333333333333 0.11
0 0.6923333333333334 0.9213333333333333 0.09133333333333334 0.10266666666666667
0 0.6113333333333333 0.94 0.104 0.112
0 0.7923333333333333 0.958 0.08066666666666666 0.07333333333333333
0 0.6603333333333333 0.719 0.08333333333333333 0.07666666666666666
0 0.7456666666666666 0.7183333333333333 0.08466666666666667 0.086
0 0.7743333333333333 0.634 0.07533333333333334 0.09733333333333333
0 0.849 0.6793333333333333 0.08333333333333333 0.09466666666666666
0 0.8523333333333333 0.589 0.122 0.086
0 0.6936666666666667 0.5686666666666667 0.10866666666666666 0.09466666666666666
0 0.6773333333333333 0.647 0.064 0.056666666666666664
0 0.5873333333333333 0.6266666666666666 0.104 0.13066666666666665
0 0.48466666666666663 0.6443333333333333 0.112 0.11533333333333333
0 0.45699999999999996 0.738 0.11266666666666666 0.092
0 0.5603333333333333 0.7566666666666666 0.09133333333333334 0.112
0 0.45499999999999996 0.8163333333333334 0.07266666666666667 0.06466666666666666
0 0.4563333333333333 0.9233333333333333 0.15 0.124
0 0.07933333333333333 0.7086666666666667 0.10133333333333333 0.09733333333333333
0 0.16833333333333333 0.6983333333333334 0.08466666666666667 0.11533333333333333
0 0.264 0.6713333333333333 0.10666666666666666 0.09999999999999999
0 0.377 0.6643333333333333 0.11666666666666667 0.086
0 0.25766666666666665 0.7606666666666666 0.07533333333333334 0.10133333333333333
0 0.3343333333333333 0.755 0.08333333333333333 0.07933333333333333
0 0.179 0.7953333333333333 0.07666666666666666 0.06533333333333333
0 0.08633333333333333 0.8303333333333333 0.11533333333333333 0.11266666666666666
0 0.175 0.9406666666666667 0.08466666666666667 0.08666666666666667
1 0.18133333333333332 0.864 0.06933333333333333 0.06933333333333333
0 0.325 0.8426666666666667 0.11266666666666666 0.076
0 0.33399999999999996 0.9146666666666666 0.07733333333333334 0.06799999999999999
0 0.25766666666666665 0.8996666666666666 0.06066666666666667 0.07666666666666666
0 0.09999999999999999 0.5996666666666667 0.07066666666666667 0.09533333333333333
0 0.18833333333333332 0.5983333333333333 0.094 0.08466666666666667
0 0.2806666666666667 0.5863333333333333 0.10133333333333333 0.11933333333333333
0 0.375 0.579 0.09 0.09266666666666666
0 0.47866666666666663 0.5226666666666666 0.10533333333333333 0.108
0 0.584 0.508 0.11066666666666666 0.10933333333333332
0 0.8713333333333333 0.5003333333333333 0.13333333333333333 0.11133333333333333
0 0.7353333333333333 0.4706666666666667 0.13599999999999998 0.10666666666666666
0 0.7883333333333333 0.37866666666666665 0.106 0.096
0 0.5803333333333334 0.4013333333333333 0.14866666666666667 0.104
0 0.5096666666666666 0.30933333333333335 0.11533333333333333 0.112
0 0.6196666666666667 0.3163333333333333 0.08733333333333333 0.074
0 0.626 0.22266666666666665 0.13599999999999998 0.11066666666666666
0 0.7013333333333334 0.376 0.09066666666666666 0.112
0 0.885 0.415 0.07933333333333333 0.074
0 0.9103333333333333 0.33299999999999996 0.086 0.09533333333333333
0 0.845 0.2763333333333333 0.11133333333333333 0.12066666666666666
0 0.7373333333333333 0.27699999999999997 0.10666666666666666 0.11933333333333333
0 0.748 0.18033333333333332 0.09733333333333333 0.09
0 0.8596666666666667 0.16633333333333333 0.12066666666666666 0.10466666666666666
0 0.8383333333333333 0.076 0.106 0.07066666666666667
0 0.69 0.11433333333333333 0.132 0.10333333333333333
0 0.5666666666666667 0.13133333333333333 0.096 0.09866666666666667
0 0.49033333333333334 0.08366666666666667 0.08466666666666667 0.08866666666666666
0 0.4583333333333333 0.17866666666666667 0.12066666666666666 0.12666666666666665
0 0.38 0.478 0.11066666666666666 0.09999999999999999
0 0.284 0.48766666666666664 0.08933333333333333 0.086
0 0.16666666666666666 0.504 0.13466666666666666 0.10933333333333332
0 0.17766666666666667 0.41133333333333333 0.154 0.092
0 0.29633333333333334 0.3963333333333333 0.08866666666666666 0.09133333333333334
0 0.40166666666666667 0.364 0.12066666666666666 0.13066666666666665
0 0.352 0.16166666666666665 0.09999999999999999 0.09133333333333334
0 0.3396666666666667 0.2663333333333333 0.122 0.10733333333333334
0 0.19933333333333333 0.29333333333333333 0.144 0.13866666666666666
0 0.08333333333333333 0.24833333333333332 0.13466666666666666 0.14333333333333334
0 0.221 0.18833333333333332 0.12333333333333332 0.07933333333333333
0 0.106 0.11699999999999999 0.13066666666666665 0.11933333333333333
0 0.20766666666666667 0.07133333333333333 0.16599999999999998 0.128
0 0.414 0.06333333333333332 0.16666666666666666 0.12533333333333332
0 0.572 0.041666666666666664 0.076 0.05533333333333333
0 0.602 0.08566666666666667 0.052 0.056666666666666664
0 0.6986666666666667 0.036333333333333336 0.12266666666666666 0.06999999999999999
1 0.254 0.9703333333333333 0.108 0.05933333333333333
0 0.7953333333333333 0.885 0.08266666666666667 0.086
0 0.9516666666666667 0.6073333333333333 0.06999999999999999 0.08
0 0.967 0.519 0.066 0.12466666666666666
0 0.7636666666666666 0.09533333333333333 0.05933333333333333 0.07066666666666667
0 0.9066666666666666 0.049999999999999996 0.06933333333333333 0.072
