0 0.11399999999999999 0.09333333333333332 0.14266666666666666 0.12266666666666666
0 0.20933333333333332 0.08833333333333333 0.06933333333333333 0.08733333333333333
0 0.06533333333333333 0.20333333333333334 0.124 0.13333333333333333
0 0.20466666666666666 0.189 0.128 0.11666666666666667
0 0.296 0.13466666666666666 0.104 0.13733333333333334
0 0.39366666666666666 0.11566666666666667 0.11133333333333333 0.11666666666666667
0 0.489 0.07466666666666666 0.126 0.12133333333333333
0 0.9 0.065 0.13466666666666666 0.118
1 0.7999999999999999 0.08766666666666667 0.12666666666666665 0.11933333333333333
1 0.7043333333333333 0.11366666666666667 0.10733333333333334 0.11
0 0.6026666666666667 0.15633333333333332 0.09333333333333332 0.118
1 0.49166666666666664 0.19899999999999998 0.12333333333333332 0.122
0 0.388 0.22733333333333333 0.10533333333333333 0.12666666666666665
0 0.287 0.2816666666666667 0.11399999999999999 0.154
0 0.16233333333333333 0.31366666666666665 0.21266666666666667 0.182
0 0.059666666666666666 0.369 0.11533333333333333 0.146
0 0.205 0.426 0.13933333333333334 0.10933333333333332
0 0.30133333333333334 0.39766666666666667 0.05466666666666666 0.06066666666666667
0 0.36533333333333334 0.379 0.11466666666666667 0.11266666666666666
0 0.45466666666666666 0.326 0.09999999999999999 0.09066666666666666
0 0.5446666666666666 0.29166666666666663 0.104 0.118
0 0.6296666666666666 0.256 0.11399999999999999 0.128
0 0.7353333333333333 0.24066666666666667 0.14133333333333334 0.16133333333333333
1 0.8256666666666667 0.20166666666666666 0.078 0.10866666666666666
0 0.9083333333333333 0.16366666666666665 0.102 0.13799999999999998
1 0.9006666666666666 0.301 0.09733333333333333 0.12333333333333332
1 0.8093333333333333 0.32966666666666666 0.13333333333333333 0.11133333333333333
1 0.6806666666666666 0.37066666666666664 0.10933333333333332 0.10933333333333332
0 0.5866666666666667 0.408 0.09999999999999999 0.12133333333333333
0 0.4756666666666666 0.4483333333333333 0.11666666666666667 0.154
0 0.3293333333333333 0.5073333333333333 0.17333333333333334 0.13333333333333333
0 0.205 0.52 0.07266666666666667 0.06666666666666667
0 0.5946666666666667 0.51 0.104 0.10266666666666667
0 0.688 0.47833333333333333 0.10533333333333333 0.11399999999999999
0 0.7726666666666666 0.45466666666666666 0.09999999999999999 0.128
0 0.853 0.436 0.07933333333333333 0.096
1 0.8936666666666666 0.51 0.086 0.09066666666666666
0 0.816 0.5616666666666666 0.12 0.122
0 0.7166666666666667 0.5746666666666667 0.10933333333333332 0.09866666666666667
0 0.612 0.5996666666666667 0.108 0.102
0 0.5046666666666666 0.6066666666666667 0.128 0.10666666666666666
0 0.44766666666666666 0.6796666666666666 0.14733333333333332 0.122
1 0.5326666666666666 0.7433333333333333 0.08933333333333333 0.092
0 0.623 0.7003333333333334 0.12733333333333333 0.11399999999999999
0 0.7183333333333333 0.6636666666666666 0.08466666666666667 0.09
0 0.9383333333333334 0.5956666666666667 0.08866666666666666 0.082
0 0.9349999999999999 0.6689999999999999 0.08466666666666667 0.074
0 0.8656666666666666 0.7073333333333333 0.11666666666666667 0.12266666666666666
0 0.7786666666666666 0.7476666666666666 0.09733333333333333 0.12466666666666666
0 0.6966666666666667 0.7713333333333333 0.09733333333333333 0.128
0 0.5916666666666667 0.8203333333333334 0.13799999999999998 0.11533333333333333
1 0.4963333333333333 0.9336666666666666 0.11399999999999999 0.11666666666666667
1 0.5886666666666667 0.9303333333333333 0.104 0.12333333333333332
1 0.689 0.899 0.11 0.11933333333333333
1 0.825 0.8713333333333333 0.09533333333333333 0.09999999999999999
1 0.8783333333333333 0.8026666666666666 0.10866666666666666 0.096
1 0.9343333333333333 0.856 0.086 0.08666666666666667
1 0.939 0.9413333333333334 0.11266666666666666 0.10666666666666666
1 0.7906666666666666 0.9426666666666667 0.09999999999999999 0.112
1 0.33399999999999996 0.9079999999999999 0.12266666666666666 0.12666666666666665
0 0.24033333333333332 0.8366666666666667 0.10733333333333334 0.09466666666666666
0 0.13333333333333333 0.9103333333333333 0.11866666666666666 0.11133333333333333
0 0.24233333333333332 0.9269999999999999 0.08333333333333333 0.08866666666666666
0 0.132 0.7736666666666666 0.14933333333333332 0.14066666666666666
0 0.22433333333333333 0.7453333333333333 0.09133333333333334 0.09866666666666667
0 0.32766666666666666 0.7246666666666667 0.11266666666666666 0.12133333333333333
0 0.321 0.6126666666666667 0.154 0.09999999999999999
0 0.19033333333333333 0.6303333333333333 0.12866666666666665 0.14866666666666667
1 0.27699999999999997 0.035333333333333335 0.07266666666666667 0.06799999999999999
0 0.6323333333333333 0.058333333333333334 0.17133333333333334 0.11533333333333333
0 0.06899999999999999 0.8983333333333333 0.13533333333333333 0.15933333333333333
1 0.965 0.7593333333333333 0.06999999999999999 0.13599999999999998
0 0.948 0.48233333333333334 0.104 0.146
