0 0.134 0.284 0.09466666666666666 0.10266666666666667
1 0.24166666666666667 0.25366666666666665 0.102 0.11266666666666666
0 0.33899999999999997 0.247 0.09266666666666666 0.12333333333333332
0 0.352 0.13566666666666666 0.092 0.08733333333333333
1 0.5456666666666666 0.12033333333333333 0.14866666666666667 0.12866666666666665
1 0.5656666666666667 0.22899999999999998 0.08333333333333333 0.08466666666666667
0 0.623 0.30733333333333335 0.11933333333333333 0.09999999999999999
0 0.816 0.18766666666666665 0.16133333333333333 0.11133333333333333
0 0.8243333333333333 0.29266666666666663 0.13666666666666666 0.104
0 0.6903333333333334 0.21633333333333332 0.07933333333333333 0.07933333333333333
1 0.7963333333333333 0.6836666666666666 0.086 0.08866666666666666
1 0.8273333333333333 0.7516666666666666 0.09466666666666666 0.08066666666666666
1 0.7283333333333333 0.7656666666666666 0.11666666666666667 0.11666666666666667
1 0.7903333333333333 0.8636666666666666 0.11533333333333333 0.12866666666666665
1 0.428 0.774 0.12933333333333333 0.13333333333333333
1 0.379 0.8536666666666667 0.11533333333333333 0.12066666666666666
1 0.2653333333333333 0.9466666666666667 0.104 0.104
1 0.172 0.7713333333333333 0.10133333333333333 0.108
1 0.4676666666666667 0.4723333333333333 0.05266666666666667 0.05266666666666667
1 0.48466666666666663 0.5656666666666667 0.06 0.057999999999999996
1 0.448 0.049666666666666665 0.072 0.09266666666666666
0 0.16633333333333333 0.19233333333333333 0.035333333333333335 0.038
0 0.3363333333333333 0.048999999999999995 0.14066666666666666 0.09666666666666666
0 0.018 0.4036666666666667 0.034666666666666665 0.04466666666666667
1 0.539 0.821 0.048666666666666664 0.043333333333333335
1 0.45499999999999996 0.9039999999999999 0.046 0.072
1 0.48166666666666663 0.9256666666666666 0.06066666666666667 0.062
0 0.8523333333333333 0.41333333333333333 0.04733333333333333 0.042666666666666665
