0 0.111 0.063 0.09 0.08066666666666666
0 0.12666666666666665 0.176 0.12933333333333333 0.14533333333333334
0 0.24533333333333332 0.06766666666666667 0.13866666666666666 0.12866666666666665
0 0.24533333333333332 0.18733333333333332 0.108 0.10666666666666666
1 0.20066666666666666 0.258 0.108 0.096
0 0.31666666666666665 0.249 0.112 0.12466666666666666
0 0.434 0.2553333333333333 0.13599999999999998 0.15466666666666667
0 0.45966666666666667 0.10933333333333332 0.15133333333333332 0.15733333333333333
1 0.6193333333333333 0.16233333333333333 0.09333333333333332 0.14066666666666666
0 0.7283333333333333 0.143 0.12466666666666666 0.18466666666666667
0 0.9613333333333333 0.23233333333333334 0.07733333333333334 0.106
0 0.8453333333333333 0.12166666666666666 0.09999999999999999 0.11533333333333333
1 0.878 0.21166666666666667 0.096 0.11666666666666667
1 0.9359999999999999 0.374 0.06533333333333333 0.07733333333333334
1 0.7426666666666667 0.32966666666666666 0.06666666666666667 0.06066666666666667
0 0.6353333333333333 0.33399999999999996 0.128 0.13599999999999998
0 0.09433333333333332 0.28733333333333333 0.056666666666666664 0.042666666666666665
0 0.077 0.481 0.14733333333333332 0.17666666666666667
0 0.08399999999999999 0.601 0.10266666666666667 0.10466666666666666
0 0.13466666666666666 0.6866666666666666 0.132 0.09999999999999999
0 0.20266666666666666 0.5713333333333334 0.13466666666666666 0.12266666666666666
1 0.516 0.447 0.10533333333333333 0.126
1 0.779 0.506 0.118 0.108
1 0.8916666666666666 0.4983333333333333 0.09266666666666666 0.09
1 0.878 0.6573333333333333 0.07066666666666667 0.08399999999999999
0 0.64 0.7949999999999999 0.10133333333333333 0.11933333333333333
0 0.471 0.7246666666666667 0.10733333333333334 0.10933333333333332
0 0.5423333333333333 0.819 0.12466666666666666 0.14866666666666667
0 0.6183333333333333 0.9003333333333333 0.11266666666666666 0.11399999999999999
0 0.35866666666666663 0.9196666666666666 0.09866666666666667 0.14733333333333332
0 0.8883333333333333 0.856 0.11666666666666667 0.108
0 0.7839999999999999 0.8483333333333333 0.09466666666666666 0.09533333333333333
0 0.11233333333333333 0.8956666666666666 0.11533333333333333 0.14066666666666666
0 0.3983333333333333 0.033666666666666664 0.09533333333333333 0.066
0 0.03266666666666666 0.172 0.064 0.112
0 0.19466666666666665 0.44866666666666666 0.08 0.09999999999999999
0 0.5113333333333333 0.6183333333333333 0.032 0.046
0 0.23066666666666666 0.9276666666666666 0.14533333333333334 0.14466666666666667
0 0.15833333333333333 0.9456666666666667 0.057999999999999996 0.06333333333333332
0 0.75 0.777 0.07866666666666666 0.05933333333333333
1 0.6866666666666666 0.6973333333333334 0.04933333333333333 0.05466666666666666
0 0.831 0.3813333333333333 0.041999999999999996 0.04533333333333333
