0 0.7736666666666666 0.7626666666666666 0.19266666666666665 0.172
0 0.6596666666666666 0.8343333333333333 0.12333333333333332 0.12866666666666665
0 0.775 0.878 0.126 0.09733333333333333
0 0.885 0.902 0.08733333333333333 0.09999999999999999
0 0.7856666666666666 0.9523333333333333 0.11133333333333333 0.09
0 0.5833333333333333 0.9249999999999999 0.13466666666666666 0.14866666666666667
0 0.48366666666666663 0.9316666666666666 0.082 0.10466666666666666
0 0.3923333333333333 0.942 0.094 0.10266666666666667
0 0.2853333333333333 0.9156666666666666 0.14133333333333334 0.11399999999999999
0 0.109 0.9203333333333333 0.14733333333333332 0.11533333333333333
0 0.09533333333333333 0.8136666666666666 0.128 0.09533333333333333
0 0.257 0.7869999999999999 0.15933333333333333 0.146
0 0.14466666666666667 0.7 0.19599999999999998 0.13466666666666666
0 0.161 0.5873333333333333 0.12066666666666666 0.096
0 0.09533333333333333 0.497 0.108 0.09
0 0.18966666666666665 0.49766666666666665 0.08066666666666666 0.07533333333333334
0 0.321 0.5053333333333333 0.15666666666666665 0.132
0 0.4063333333333333 0.6096666666666667 0.158 0.154
0 0.4756666666666666 0.726 0.16333333333333333 0.12933333333333333
0 0.6603333333333333 0.6216666666666667 0.13933333333333334 0.11266666666666666
0 0.777 0.536 0.12466666666666666 0.12666666666666665
0 0.9053333333333333 0.3793333333333333 0.16533333333333333 0.16933333333333334
0 0.7383333333333333 0.419 0.17533333333333334 0.10733333333333334
0 0.6493333333333333 0.48933333333333334 0.12266666666666666 0.14666666666666667
0 0.525 0.5183333333333333 0.14333333333333334 0.15533333333333332
0 0.498 0.3953333333333333 0.17466666666666666 0.10133333333333333
0 0.5923333333333333 0.32966666666666666 0.10333333333333333 0.142
0 0.7056666666666667 0.30266666666666664 0.11 0.12666666666666665
0 0.8006666666666666 0.3323333333333333 0.08 0.078
0 0.9239999999999999 0.19566666666666666 0.13333333333333333 0.14866666666666667
0 0.8236666666666667 0.20266666666666666 0.09799999999999999 0.16533333333333333
0 0.768 0.11 0.124 0.10533333333333333
0 0.5816666666666667 0.094 0.08466666666666667 0.09866666666666667
0 0.5383333333333333 0.18366666666666667 0.07533333333333334 0.11133333333333333
0 0.6306666666666666 0.18366666666666667 0.10133333333333333 0.15
0 0.738 0.20233333333333334 0.10266666666666667 0.09
0 0.474 0.2806666666666667 0.13333333333333333 0.13066666666666665
0 0.357 0.181 0.09533333333333333 0.08866666666666666
0 0.4543333333333333 0.18366666666666667 0.056666666666666664 0.06066666666666667
0 0.36833333333333335 0.07133333333333333 0.11533333333333333 0.12533333333333332
0 0.2583333333333333 0.06999999999999999 0.09799999999999999 0.09733333333333333
0 0.07666666666666666 0.17266666666666666 0.096 0.10533333333333333
0 0.22133333333333333 0.17033333333333334 0.16666666666666666 0.154
0 0.14233333333333334 0.285 0.12733333333333333 0.12733333333333333
0 0.24566666666666667 0.287 0.11 0.12066666666666666
0 0.362 0.299 0.10266666666666667 0.16999999999999998
0 0.2723333333333333 0.38866666666666666 0.162 0.13733333333333334
0 0.14233333333333334 0.40166666666666667 0.12733333333333333 0.10866666666666666
0 0.47533333333333333 0.07666666666666666 0.10133333333333333 0.092
0 0.06899999999999999 0.059666666666666666 0.13666666666666666 0.118
0 0.03266666666666666 0.391 0.06266666666666666 0.106
0 0.27366666666666667 0.6093333333333333 0.09533333333333333 0.08399999999999999
1 0.698 0.9513333333333333 0.07066666666666667 0.08666666666666667
0 0.9426666666666667 0.493 0.11466666666666667 0.12066666666666666
0 0.9309999999999999 0.2643333333333333 0.13799999999999998 0.09933333333333333
0 0.708 0.06733333333333333 0.18133333333333332 0.13333333333333333
