0 0.6679999999999999 0.5206666666666666 0.06533333333333333 0.06533333333333333
0 0.5716666666666667 0.54 0.08866666666666666 0.07866666666666666
0 0.7486666666666666 0.6116666666666667 0.076 0.086
0 0.6666666666666666 0.6163333333333333 0.076 0.08466666666666667
0 0.5843333333333333 0.629 0.08333333333333333 0.09
0 0.519 0.662 0.086 0.09333333333333332
1 0.5973333333333333 0.7033333333333333 0.07866666666666666 0.06666666666666667
1 0.6703333333333333 0.699 0.07533333333333334 0.07533333333333334
1 0.587 0.781 0.07533333333333334 0.08066666666666666
0 0.40166666666666667 0.6893333333333334 0.11533333333333333 0.128
0 0.31366666666666665 0.7763333333333333 0.082 0.118
1 0.153 0.942 0.082 0.08933333333333333
0 0.25033333333333335 0.8816666666666666 0.118 0.14866666666666667
1 0.5509999999999999 0.8816666666666666 0.06333333333333332 0.06733333333333333
1 0.6799999999999999 0.8523333333333333 0.058666666666666666 0.074
0 0.40499999999999997 0.8109999999999999 0.122 0.11266666666666666
0 0.4756666666666666 0.7726666666666666 0.078 0.12
0 0.7326666666666667 0.5386666666666666 0.064 0.06266666666666666
1 0.252 0.9706666666666667 0.08399999999999999 0.058666666666666666
0 0.32566666666666666 0.9466666666666667 0.06066666666666667 0.07733333333333334
0 0.4003333333333333 0.9293333333333333 0.126 0.14133333333333334
0 0.5503333333333333 0.9543333333333333 0.13933333333333334 0.09133333333333334
0 0.8303333333333333 0.5686666666666667 0.07533333333333334 0.06133333333333333
