0 0.06166666666666666 0.10633333333333334 0.122 0.178
0 0.20099999999999998 0.071 0.19133333333333333 0.13666666666666666
0 0.19533333333333333 0.20066666666666666 0.172 0.164
0 0.42 0.05333333333333333 0.128 0.09999999999999999
0 0.42166666666666663 0.165 0.15 0.14333333333333334
0 0.5836666666666667 0.124 0.14866666666666667 0.16133333333333333
0 0.7206666666666667 0.121 0.12933333333333333 0.15533333333333332
0 0.8423333333333333 0.13799999999999998 0.11399999999999999 0.13066666666666665
0 0.7533333333333333 0.24766666666666665 0.13866666666666666 0.17533333333333334
0 0.6236666666666666 0.26566666666666666 0.154 0.20066666666666666
0 0.5056666666666666 0.2773333333333333 0.08733333333333333 0.10933333333333332
1 0.4096666666666667 0.27066666666666667 0.09 0.10666666666666666
0 0.8936666666666666 0.25366666666666665 0.14733333333333332 0.118
0 0.818 0.353 0.16266666666666665 0.11133333333333333
1 0.8456666666666667 0.46366666666666667 0.15133333333333332 0.146
0 0.5923333333333333 0.497 0.12733333333333333 0.12866666666666665
0 0.353 0.39 0.14333333333333334 0.148
0 0.22866666666666666 0.3803333333333333 0.10266666666666667 0.13799999999999998
0 0.11466666666666667 0.387 0.13066666666666665 0.11266666666666666
0 0.173 0.517 0.20066666666666666 0.17533333333333334
1 0.2653333333333333 0.597 0.132 0.118
1 0.47633333333333333 0.5943333333333333 0.15133333333333332 0.14066666666666666
0 0.03833333333333333 0.29033333333333333 0.074 0.10733333333333334
0 0.03133333333333333 0.3973333333333333 0.06133333333333333 0.09466666666666666
1 0.48333333333333334 0.371 0.06933333333333333 0.07266666666666667
1 0.15533333333333332 0.8296666666666667 0.06666666666666667 0.09
0 0.7586666666666666 0.9416666666666667 0.11333333333333333 0.11666666666666667
0 0.749 0.8616666666666667 0.154 0.10733333333333334
0 0.8633333333333333 0.9263333333333333 0.11866666666666666 0.14733333333333332
0 0.9463333333333332 0.9249999999999999 0.10733333333333334 0.14866666666666667
1 0.8496666666666667 0.7853333333333333 0.12866666666666665 0.11866666666666666
0 0.8363333333333333 0.6956666666666667 0.078 0.078
0 0.7666666666666666 0.5313333333333333 0.19999999999999998 0.13466666666666666
1 0.8856666666666666 0.5656666666666667 0.06999999999999999 0.07933333333333333
1 0.953 0.4393333333333333 0.094 0.11866666666666666
0 0.9523333333333333 0.33499999999999996 0.09533333333333333 0.11533333333333333
1 0.9169999999999999 0.13799999999999998 0.06333333333333332 0.08666666666666667
1 0.8796666666666666 0.048666666666666664 0.106 0.096
0 0.763 0.04433333333333333 0.14733333333333332 0.08733333333333333
1 0.6293333333333333 0.03833333333333333 0.06 0.056666666666666664
