0 0.7 0.11566666666666667 0.19599999999999998 0.15533333333333332
0 0.8736666666666666 0.09333333333333332 0.14333333333333334 0.13866666666666666
0 0.6286666666666666 0.23933333333333331 0.15866666666666665 0.16133333333333333
0 0.7506666666666666 0.23933333333333331 0.108 0.12
0 0.8553333333333333 0.24 0.096 0.13733333333333334
0 0.9103333333333333 0.35 0.15 0.132
0 0.8119999999999999 0.4323333333333333 0.10266666666666667 0.07533333333333334
1 0.8483333333333333 0.5073333333333333 0.08466666666666667 0.07733333333333334
1 0.7446666666666666 0.5023333333333333 0.10666666666666666 0.09
0 0.7736666666666666 0.35266666666666663 0.13799999999999998 0.104
0 0.6556666666666666 0.361 0.126 0.08466666666666667
0 0.6646666666666666 0.43166666666666664 0.12533333333333332 0.12066666666666666
0 0.6373333333333333 0.5926666666666667 0.17066666666666666 0.16799999999999998
0 0.7703333333333333 0.606 0.11133333333333333 0.128
0 0.9306666666666666 0.7383333333333333 0.12666666666666665 0.11533333333333333
0 0.8059999999999999 0.8206666666666667 0.09733333333333333 0.10933333333333332
0 0.7336666666666667 0.7066666666666667 0.14866666666666667 0.12133333333333333
1 0.6056666666666667 0.7006666666666667 0.12066666666666666 0.09999999999999999
1 0.612 0.8086666666666666 0.10533333333333333 0.13066666666666665
1 0.4993333333333333 0.8086666666666666 0.12 0.15333333333333332
1 0.41 0.6946666666666667 0.13466666666666666 0.13333333333333333
0 0.3373333333333333 0.579 0.16533333333333333 0.12333333333333332
1 0.307 0.4573333333333333 0.14866666666666667 0.13333333333333333
0 0.18566666666666667 0.4963333333333333 0.11666666666666667 0.094
0 0.06533333333333333 0.263 0.104 0.13933333333333334
1 0.16466666666666666 0.2763333333333333 0.08933333333333333 0.118
1 0.14233333333333334 0.15933333333333333 0.094 0.112
0 0.14866666666666667 0.3943333333333333 0.132 0.12066666666666666
1 0.09033333333333333 0.588 0.15133333333333332 0.144
0 0.20766666666666667 0.607 0.09933333333333333 0.11666666666666667
0 0.15433333333333332 0.7183333333333333 0.12066666666666666 0.10866666666666666
0 0.19066666666666665 0.8206666666666667 0.13333333333333333 0.15733333333333333
0 0.3153333333333333 0.8356666666666667 0.12666666666666665 0.15133333333333332
0 0.2846666666666667 0.6936666666666667 0.12666666666666665 0.15266666666666667
1 0.475 0.13833333333333334 0.08066666666666666 0.08466666666666667
0 0.04433333333333333 0.40299999999999997 0.08733333333333333 0.15933333333333333
0 0.067 0.7086666666666667 0.13133333333333333 0.15333333333333332
0 0.07033333333333333 0.851 0.13933333333333334 0.16999999999999998
0 0.3406666666666667 0.9283333333333333 0.15466666666666667 0.14333333333333334
0 0.9456666666666667 0.8223333333333334 0.10866666666666666 0.09133333333333334
0 0.9209999999999999 0.6113333333333333 0.158 0.16133333333333333
0 0.8446666666666667 0.5983333333333333 0.07866666666666666 0.10733333333333334
0 0.9406666666666667 0.5076666666666666 0.11866666666666666 0.106
0 0.9446666666666667 0.427 0.11066666666666666 0.08866666666666666
0 0.9373333333333334 0.21966666666666665 0.12533333333333332 0.186
1 0.967 0.10766666666666666 0.066 0.06999999999999999
