1 0.5343333333333333 0.40599999999999997 0.094 0.11866666666666666
0 0.6496666666666666 0.40499999999999997 0.13666666666666666 0.13533333333333333
0 0.65 0.5603333333333333 0.13733333333333334 0.18333333333333332
1 0.7456666666666666 0.523 0.08733333333333333 0.08466666666666667
1 0.8406666666666667 0.5503333333333333 0.06666666666666667 0.06066666666666667
1 0.9089999999999999 0.29333333333333333 0.15533333333333332 0.10266666666666667
1 0.8373333333333333 0.41966666666666663 0.096 0.09133333333333334
1 0.9613333333333333 0.5469999999999999 0.06266666666666666 0.07933333333333333
0 0.5946666666666667 0.261 0.09999999999999999 0.11266666666666666
1 0.7326666666666667 0.38966666666666666 0.076 0.06999999999999999
1 0.9446666666666667 0.42866666666666664 0.11066666666666666 0.128
1 0.9293333333333333 0.21433333333333332 0.07466666666666666 0.07266666666666667
