0 0.10266666666666667 0.06833333333333333 0.13999999999999999 0.12733333333333333
0 0.12966666666666665 0.187 0.15533333333333332 0.11
0 0.12266666666666666 0.30533333333333335 0.19999999999999998 0.12933333333333333
0 0.12366666666666666 0.4463333333333333 0.146 0.16333333333333333
0 0.07766666666666666 0.5706666666666667 0.146 0.09866666666666667
0 0.11299999999999999 0.6496666666666666 0.11933333333333333 0.10066666666666667
0 0.174 0.7256666666666667 0.19066666666666665 0.174
0 0.13033333333333333 0.8363333333333333 0.118 0.10866666666666666
0 0.176 0.9053333333333333 0.13333333333333333 0.14266666666666666
0 0.364 0.8356666666666667 0.14266666666666666 0.15133333333333332
0 0.3396666666666667 0.6906666666666667 0.11399999999999999 0.13066666666666665
0 0.21266666666666667 0.5573333333333333 0.104 0.156
0 0.304 0.572 0.06799999999999999 0.104
0 0.2866666666666667 0.4493333333333333 0.13866666666666666 0.13333333333333333
0 0.384 0.46066666666666667 0.058666666666666666 0.10133333333333333
0 0.4696666666666667 0.415 0.18733333333333332 0.154
0 0.447 0.2906666666666667 0.14866666666666667 0.11599999999999999
0 0.33199999999999996 0.21 0.07866666666666666 0.09733333333333333
0 0.439 0.17466666666666666 0.14066666666666666 0.11866666666666666
0 0.5243333333333333 0.10566666666666666 0.16066666666666665 0.15
0 0.6683333333333333 0.16766666666666666 0.12066666666666666 0.14866666666666667
0 0.7866666666666666 0.119 0.128 0.12333333333333332
0 0.903 0.13699999999999998 0.11533333333333333 0.15666666666666665
0 0.8116666666666666 0.251 0.15266666666666667 0.14333333333333334
0 0.5796666666666667 0.25366666666666665 0.11399999999999999 0.15666666666666665
0 0.6793333333333333 0.2786666666666667 0.076 0.06266666666666666
0 0.6896666666666667 0.361 0.194 0.11
0 0.8166666666666667 0.3753333333333333 0.09066666666666666 0.11066666666666666
0 0.9096666666666666 0.36166666666666664 0.126 0.122
0 0.722 0.45599999999999996 0.104 0.08666666666666667
0 0.6203333333333333 0.48233333333333334 0.11133333333333333 0.12733333333333333
0 0.5013333333333333 0.5539999999999999 0.12133333333333333 0.132
0 0.388 0.5593333333333333 0.09466666666666666 0.112
0 0.45699999999999996 0.779 0.09533333333333333 0.09
0 0.43 0.658 0.13333333333333333 0.14266666666666666
0 0.6236666666666666 0.601 0.126 0.11266666666666666
0 0.723 0.5496666666666666 0.09666666666666666 0.10466666666666666
0 0.866 0.5386666666666666 0.18 0.17066666666666666
0 0.7766666666666666 0.638 0.10133333333333333 0.09999999999999999
0 0.6766666666666666 0.697 0.13733333333333334 0.15666666666666665
0 0.7716666666666666 0.74 0.08333333333333333 0.09866666666666667
0 0.8993333333333333 0.7186666666666667 0.16133333333333333 0.16133333333333333
0 0.6966666666666667 0.8336666666666667 0.13333333333333333 0.142
0 0.823 0.8476666666666667 0.14466666666666667 0.15533333333333332
0 0.5646666666666667 0.741 0.12 0.15
0 0.49866666666666665 0.886 0.13733333333333334 0.132
0 0.5956666666666667 0.853 0.08466666666666667 0.10866666666666666
0 0.21066666666666667 0.05566666666666666 0.12533333333333332 0.11
0 0.031 0.145 0.054 0.066
0 0.568 0.37666666666666665 0.096 0.12
0 0.524 0.6376666666666666 0.07866666666666666 0.06733333333333333
0 0.047 0.8516666666666667 0.08733333333333333 0.16466666666666666
0 0.29233333333333333 0.9319999999999999 0.16066666666666665 0.13599999999999998
0 0.8573333333333333 0.9343333333333333 0.16266666666666665 0.13133333333333333
