0 0.40066666666666667 0.106 0.09999999999999999 0.11066666666666666
0 0.6043333333333333 0.05233333333333333 0.08466666666666667 0.08733333333333333
0 0.5646666666666667 0.147 0.07466666666666666 0.09533333333333333
0 0.6403333333333333 0.15433333333333332 0.09266666666666666 0.122
0 0.4673333333333333 0.21766666666666665 0.12 0.12066666666666666
0 0.6286666666666666 0.2733333333333333 0.09733333333333333 0.11466666666666667
0 0.41466666666666663 0.31566666666666665 0.08 0.10066666666666667
0 0.5166666666666666 0.33566666666666667 0.12666666666666665 0.12333333333333332
0 0.62 0.39 0.09999999999999999 0.10133333333333333
0 0.47733333333333333 0.42733333333333334 0.13333333333333333 0.10933333333333332
0 0.5696666666666667 0.48933333333333334 0.11266666666666666 0.09999999999999999
0 0.354 0.4713333333333333 0.09333333333333332 0.09999999999999999
0 0.061 0.6323333333333333 0.12066666666666666 0.17266666666666666
0 0.18733333333333332 0.6789999999999999 0.17333333333333334 0.10733333333333334
0 0.164 0.778 0.22933333333333333 0.11466666666666667
0 0.3203333333333333 0.8903333333333333 0.142 0.18333333333333332
0 0.521 0.9046666666666666 0.082 0.11066666666666666
0 0.6236666666666666 0.9303333333333333 0.10733333333333334 0.118
0 0.6536666666666666 0.8253333333333333 0.11533333333333333 0.12266666666666666
0 0.5473333333333333 0.7859999999999999 0.10933333333333332 0.13466666666666666
0 0.478 0.7463333333333333 0.09866666666666667 0.106
0 0.43666666666666665 0.6326666666666666 0.108 0.09999999999999999
0 0.523 0.6629999999999999 0.09133333333333334 0.094
0 0.5296666666666666 0.5746666666666667 0.08333333333333333 0.08133333333333333
0 0.6326666666666666 0.5913333333333333 0.11733333333333333 0.104
0 0.6473333333333333 0.6906666666666667 0.12666666666666665 0.11599999999999999
1 0.8026666666666666 0.8003333333333333 0.06266666666666666 0.08333333333333333
0 0.8743333333333333 0.9183333333333333 0.16599999999999998 0.15
0 0.9166666666666666 0.69 0.132 0.112
0 0.9056666666666666 0.586 0.174 0.104
0 0.8043333333333333 0.49133333333333334 0.18733333333333332 0.18133333333333332
0 0.7756666666666666 0.18233333333333332 0.17533333333333334 0.21133333333333332
0 0.9236666666666666 0.19699999999999998 0.13533333333333333 0.17133333333333334
0 0.056666666666666664 0.12666666666666665 0.11066666666666666 0.12
0 0.4023333333333333 0.944 0.17266666666666666 0.112
0 0.7736666666666666 0.6026666666666667 0.06733333333333333 0.06533333333333333
0 0.7916666666666666 0.29666666666666663 0.09933333333333333 0.07866666666666666
0 0.8636666666666666 0.059666666666666666 0.21 0.118
0 0.9696666666666667 0.061 0.06066666666666667 0.12066666666666666
