1 0.13666666666666666 0.12633333333333333 0.13599999999999998 0.154
0 0.24366666666666667 0.154 0.07533333333333334 0.09066666666666666
0 0.22466666666666665 0.051333333333333335 0.13599999999999998 0.10133333333333333
0 0.35 0.07833333333333332 0.10666666666666666 0.14466666666666667
0 0.45266666666666666 0.08366666666666667 0.09066666666666666 0.142
0 0.5666666666666667 0.08033333333333333 0.10133333333333333 0.154
0 0.7286666666666667 0.16966666666666666 0.13333333333333333 0.11133333333333333
0 0.8513333333333333 0.15866666666666665 0.096 0.092
0 0.953 0.142 0.08733333333333333 0.09466666666666666
1 0.8906666666666666 0.256 0.13333333333333333 0.10266666666666667
0 0.6716666666666666 0.24533333333333332 0.12733333333333333 0.10666666666666666
1 0.7743333333333333 0.266 0.066 0.06666666666666667
1 0.4613333333333333 0.20733333333333331 0.12933333333333333 0.09999999999999999
1 0.32266666666666666 0.20766666666666667 0.13599999999999998 0.11133333333333333
0 0.22766666666666666 0.2613333333333333 0.11266666666666666 0.09466666666666666
0 0.12566666666666665 0.299 0.094 0.09933333333333333
1 0.21533333333333332 0.3433333333333333 0.104 0.10266666666666667
1 0.3423333333333333 0.29833333333333334 0.106 0.09799999999999999
1 0.4593333333333333 0.306 0.13066666666666665 0.128
0 0.30033333333333334 0.3933333333333333 0.11533333333333333 0.09999999999999999
1 0.41133333333333333 0.41633333333333333 0.07333333333333333 0.082
1 0.5623333333333334 0.3163333333333333 0.07933333333333333 0.10466666666666666
0 0.512 0.41966666666666663 0.10533333333333333 0.11133333333333333
0 0.6613333333333333 0.356 0.104 0.11333333333333333
0 0.7859999999999999 0.361 0.12933333333333333 0.11533333333333333
0 0.9089999999999999 0.36766666666666664 0.11933333333333333 0.12333333333333332
0 0.8723333333333333 0.48033333333333333 0.09 0.11533333333333333
0 0.95 0.484 0.06799999999999999 0.09999999999999999
0 0.741 0.47 0.13933333333333334 0.10266666666666667
0 0.7096666666666667 0.5873333333333333 0.146 0.13999999999999999
0 0.8436666666666667 0.6106666666666667 0.15266666666666667 0.13466666666666666
1 0.6346666666666666 0.65 0.10133333333333333 0.10133333333333333
1 0.5973333333333333 0.7613333333333333 0.112 0.10266666666666667
1 0.5416666666666666 0.8806666666666666 0.10466666666666666 0.09999999999999999
0 0.6633333333333333 0.8906666666666666 0.13333333333333333 0.14666666666666667
0 0.716 0.781 0.108 0.122
0 0.8203333333333334 0.7973333333333333 0.10866666666666666 0.16666666666666666
0 0.9349999999999999 0.751 0.11266666666666666 0.12866666666666665
0 0.8966666666666666 0.885 0.13333333333333333 0.12733333333333333
1 0.344 0.8566666666666667 0.10266666666666667 0.11466666666666667
1 0.43966666666666665 0.8823333333333333 0.106 0.11666666666666667
0 0.46099999999999997 0.772 0.126 0.124
1 0.521 0.661 0.12333333333333332 0.11
0 0.35733333333333334 0.729 0.13333333333333333 0.15933333333333333
0 0.2363333333333333 0.8566666666666667 0.11533333333333333 0.10933333333333332
0 0.08399999999999999 0.9273333333333333 0.09999999999999999 0.09066666666666666
0 0.12666666666666665 0.8316666666666667 0.10133333333333333 0.09266666666666666
0 0.129 0.7256666666666667 0.14866666666666667 0.11399999999999999
0 0.236 0.6336666666666666 0.12666666666666665 0.142
1 0.06433333333333333 0.5163333333333333 0.11399999999999999 0.08733333333333333
1 0.08733333333333333 0.43566666666666665 0.09866666666666667 0.07666666666666666
1 0.175 0.4983333333333333 0.09 0.11533333333333333
1 0.27266666666666667 0.5086666666666666 0.09999999999999999 0.12
1 0.37 0.5153333333333333 0.09466666666666666 0.13333333333333333
0 0.4923333333333333 0.5303333333333333 0.15533333333333332 0.12333333333333332
1 0.13966666666666666 0.6163333333333333 0.057999999999999996 0.09266666666666666
0 0.05266666666666667 0.6356666666666666 0.09333333333333332 0.126
0 0.06066666666666667 0.18133333333333332 0.12 0.15333333333333332
0 0.6946666666666667 0.06933333333333333 0.14666666666666667 0.13733333333333334
0 0.043 0.838 0.08466666666666667 0.14666666666666667
0 0.19366666666666665 0.9326666666666666 0.17933333333333332 0.13466666666666666
0 0.9026666666666666 0.963 0.09733333333333333 0.074
0 0.9496666666666667 0.6373333333333333 0.10066666666666667 0.14666666666666667
0 0.8856666666666666 0.05366666666666667 0.146 0.106
