1 0.09166666666666666 0.10133333333333333 0.10466666666666666 0.10133333333333333
1 0.15333333333333332 0.21166666666666667 0.13333333333333333 0.142
1 0.19866666666666666 0.09 0.104 0.104
1 0.2786666666666667 0.08833333333333333 0.072 0.08466666666666667
1 0.25766666666666665 0.18633333333333332 0.09666666666666666 0.078
1 0.29366666666666663 0.27066666666666667 0.122 0.096
1 0.216 0.30433333333333334 0.08933333333333333 0.08333333333333333
1 0.10833333333333332 0.32066666666666666 0.11533333333333333 0.10933333333333332
1 0.07966666666666666 0.4066666666666667 0.11933333333333333 0.088
1 0.19699999999999998 0.39199999999999996 0.118 0.10533333333333333
1 0.3123333333333333 0.36433333333333334 0.11266666666666666 0.09666666666666666
1 0.082 0.5026666666666666 0.12933333333333333 0.09866666666666667
1 0.21833333333333332 0.481 0.11266666666666666 0.06999999999999999
1 0.318 0.46366666666666667 0.07333333333333333 0.08733333333333333
1 0.32166666666666666 0.5559999999999999 0.08333333333333333 0.09466666666666666
0 0.21933333333333332 0.5636666666666666 0.132 0.082
0 0.06466666666666666 0.6106666666666667 0.08933333333333333 0.06799999999999999
0 0.06466666666666666 0.7016666666666667 0.10533333333333333 0.10866666666666666
0 0.08466666666666667 0.8753333333333333 0.09866666666666667 0.08933333333333333
1 0.11666666666666667 0.7726666666666666 0.12933333333333333 0.08666666666666667
1 0.159 0.6553333333333333 0.13 0.12933333333333333
0 0.2543333333333333 0.6423333333333333 0.082 0.08066666666666666
0 0.27499999999999997 0.7416666666666667 0.126 0.11533333333333333
0 0.2363333333333333 0.8066666666666666 0.09 0.07866666666666666
1 0.16899999999999998 0.8496666666666667 0.086 0.09266666666666666
1 0.293 0.861 0.11266666666666666 0.11266666666666666
1 0.20266666666666666 0.9143333333333333 0.10933333333333332 0.09666666666666666
1 0.35333333333333333 0.9343333333333333 0.10533333333333333 0.11533333333333333
0 0.38266666666666665 0.8426666666666667 0.07466666666666666 0.07066666666666667
0 0.378 0.7663333333333333 0.09866666666666667 0.09266666666666666
0 0.33899999999999997 0.647 0.08466666666666667 0.10733333333333334
1 0.40499999999999997 0.6783333333333333 0.08866666666666666 0.11666666666666667
0 0.4696666666666667 0.749 0.07933333333333333 0.09933333333333333
1 0.45366666666666666 0.59 0.09133333333333334 0.07866666666666666
0 0.39166666666666666 0.5266666666666666 0.054 0.072
0 0.46066666666666667 0.4953333333333333 0.06933333333333333 0.07333333333333333
0 0.532 0.5613333333333334 0.05733333333333333 0.06933333333333333
1 0.49366666666666664 0.6503333333333333 0.08066666666666666 0.078
0 0.5596666666666666 0.6246666666666666 0.062 0.06533333333333333
1 0.5453333333333333 0.708 0.09999999999999999 0.08533333333333333
0 0.5313333333333333 0.7949999999999999 0.07733333333333334 0.08333333333333333
1 0.48066666666666663 0.9136666666666666 0.104 0.12066666666666666
1 0.5513333333333333 0.8796666666666666 0.07066666666666667 0.09133333333333334
1 0.6276666666666666 0.8633333333333333 0.09 0.104
1 0.595 0.7753333333333333 0.08333333333333333 0.09733333333333333
1 0.648 0.746 0.07466666666666666 0.09466666666666666
1 0.7196666666666667 0.7273333333333333 0.07666666666666666 0.09066666666666666
0 0.7953333333333333 0.7156666666666667 0.092 0.106
1 0.7173333333333333 0.824 0.10533333333333333 0.10533333333333333
0 0.6986666666666667 0.9249999999999999 0.09333333333333332 0.11533333333333333
1 0.7929999999999999 0.888 0.08733333333333333 0.108
0 0.8536666666666667 0.845 0.08066666666666666 0.11666666666666667
0 0.9283333333333333 0.8156666666666667 0.08066666666666666 0.086
0 0.9079999999999999 0.9123333333333333 0.09999999999999999 0.07933333333333333
0 0.866 0.7343333333333333 0.08 0.11266666666666666
0 0.9456666666666667 0.7343333333333333 0.09 0.11266666666666666
0 0.9253333333333333 0.6393333333333333 0.09866666666666667 0.09999999999999999
1 0.85 0.606 0.10133333333333333 0.10266666666666667
0 0.765 0.617 0.08466666666666667 0.08866666666666666
0 0.707 0.6566666666666666 0.074 0.076
1 0.628 0.6699999999999999 0.07066666666666667 0.064
1 0.6306666666666666 0.6226666666666666 0.07866666666666666 0.06133333333333333
1 0.611 0.5549999999999999 0.09 0.07933333333333333
1 0.6693333333333333 0.5166666666666666 0.09066666666666666 0.09866666666666667
1 0.7 0.5833333333333333 0.06533333333333333 0.06799999999999999
1 0.752 0.497 0.08933333333333333 0.09
0 0.7576666666666666 0.5616666666666666 0.05533333333333333 0.05266666666666667
1 0.875 0.513 0.11 0.09133333333333334
1 0.8773333333333333 0.43366666666666664 0.06933333333333333 0.07533333333333334
1 0.9256666666666666 0.4073333333333333 0.08333333333333333 0.08933333333333333
0 0.39499999999999996 0.143 0.14466666666666667 0.11266666666666666
1 0.42433333333333334 0.24266666666666667 0.13266666666666665 0.112
1 0.432 0.3333333333333333 0.132 0.09866666666666667
1 0.391 0.437 0.08866666666666666 0.11266666666666666
1 0.474 0.408 0.09999999999999999 0.10933333333333332
0 0.5473333333333333 0.37666666666666665 0.124 0.092
1 0.5576666666666666 0.4726666666666666 0.13666666666666666 0.11333333333333333
1 0.6803333333333333 0.426 0.11533333333333333 0.09066666666666666
1 0.7936666666666666 0.4003333333333333 0.11933333333333333 0.122
1 0.885 0.29733333333333334 0.08733333333333333 0.10266666666666667
1 0.7903333333333333 0.29266666666666663 0.102 0.096
1 0.655 0.3426666666666667 0.11666666666666667 0.104
1 0.526 0.293 0.09999999999999999 0.08466666666666667
1 0.5263333333333333 0.193 0.126 0.11533333333333333
1 0.484 0.10933333333333332 0.08 0.07866666666666666
0 0.5486666666666666 0.08433333333333333 0.06533333333333333 0.09266666666666666
0 0.6233333333333333 0.09833333333333333 0.09866666666666667 0.17666666666666667
1 0.705 0.06633333333333333 0.07533333333333334 0.102
1 0.702 0.17033333333333334 0.144 0.12333333333333332
1 0.6346666666666666 0.251 0.13999999999999999 0.12066666666666666
1 0.8013333333333333 0.20099999999999998 0.10666666666666666 0.09266666666666666
0 0.9139999999999999 0.19 0.10666666666666666 0.11466666666666667
1 0.8146666666666667 0.11 0.11333333333333333 0.10533333333333333
0 0.9083333333333333 0.09333333333333332 0.082 0.092
0 0.04 0.17133333333333334 0.07733333333333334 0.11466666666666667
0 0.3426666666666667 0.05566666666666666 0.11733333333333333 0.11
0 0.43166666666666664 0.05566666666666666 0.07933333333333333 0.11
0 0.493 0.03733333333333333 0.08733333333333333 0.07333333333333333
0 0.5563333333333333 0.026333333333333334 0.05266666666666667 0.051333333333333335
1 0.45799999999999996 0.8306666666666667 0.044 0.050666666666666665
0 0.579 0.9383333333333334 0.09533333333333333 0.062
0 0.7643333333333333 0.9606666666666667 0.08866666666666666 0.07866666666666666
0 0.9179999999999999 0.9703333333333333 0.104 0.05933333333333333
0 0.9763333333333333 0.9396666666666667 0.04733333333333333 0.062
0 0.9596666666666667 0.572 0.08066666666666666 0.11466666666666667
1 0.9633333333333333 0.48533333333333334 0.07333333333333333 0.088
