0 0.944 0.35033333333333333 0.09733333333333333 0.07533333333333334
0 0.6923333333333334 0.283 0.11666666666666667 0.12333333333333332
0 0.48533333333333334 0.20533333333333334 0.10533333333333333 0.09066666666666666
0 0.3446666666666667 0.21966666666666665 0.07066666666666667 0.08066666666666666
0 0.411 0.21966666666666665 0.054 0.078
0 0.5713333333333334 0.028333333333333332 0.10533333333333333 0.05533333333333333
0 0.573 0.11266666666666666 0.10866666666666666 0.14933333333333332
0 0.6779999999999999 0.11866666666666666 0.10133333333333333 0.10533333333333333
0 0.8003333333333333 0.10966666666666666 0.14866666666666667 0.146
0 0.7959999999999999 0.2593333333333333 0.13999999999999999 0.16799999999999998
0 0.9063333333333333 0.24466666666666667 0.11399999999999999 0.13333333333333333
0 0.448 0.31166666666666665 0.13066666666666665 0.11399999999999999
0 0.5743333333333334 0.313 0.12733333333333333 0.12733333333333333
0 0.6306666666666666 0.41633333333333333 0.12133333333333333 0.12066666666666666
0 0.7033333333333333 0.5266666666666666 0.12533333333333332 0.128
0 0.5876666666666667 0.5233333333333333 0.11 0.088
0 0.534 0.59 0.10266666666666667 0.13733333333333334
0 0.625 0.6163333333333333 0.09533333333333333 0.10466666666666666
0 0.4493333333333333 0.71 0.172 0.18933333333333333
0 0.17933333333333332 0.944 0.104 0.112
0 0.31666666666666665 0.9259999999999999 0.148 0.132
0 0.05533333333333333 0.07966666666666666 0.104 0.122
0 0.17099999999999999 0.097 0.11266666666666666 0.11533333333333333
0 0.296 0.11433333333333333 0.124 0.11133333333333333
0 0.22366666666666665 0.19833333333333333 0.12333333333333332 0.08466666666666667
0 0.2063333333333333 0.28633333333333333 0.078 0.08866666666666666
0 0.042333333333333334 0.192 0.08066666666666666 0.09999999999999999
0 0.087 0.25266666666666665 0.15 0.16
0 0.15433333333333332 0.37133333333333335 0.14066666666666666 0.13866666666666666
0 0.30566666666666664 0.297 0.15933333333333333 0.16733333333333333
0 0.421 0.4023333333333333 0.09266666666666666 0.08733333333333333
0 0.33199999999999996 0.376 0.096 0.104
0 0.2793333333333333 0.474 0.09866666666666667 0.10266666666666667
0 0.413 0.508 0.15266666666666667 0.13733333333333334
0 0.186 0.5056666666666666 0.09066666666666666 0.11933333333333333
0 0.09366666666666666 0.48433333333333334 0.13666666666666666 0.11666666666666667
0 0.08133333333333333 0.5716666666666667 0.15866666666666665 0.11533333333333333
0 0.08399999999999999 0.6713333333333333 0.13866666666666666 0.13333333333333333
0 0.06333333333333332 0.8076666666666666 0.12533333333333332 0.13799999999999998
0 0.15933333333333333 0.7793333333333333 0.06666666666666667 0.06666666666666667
0 0.23399999999999999 0.74 0.08 0.07333333333333333
0 0.19466666666666665 0.6526666666666666 0.104 0.10666666666666666
0 0.27799999999999997 0.583 0.12666666666666665 0.10466666666666666
0 0.31466666666666665 0.6786666666666666 0.11333333333333333 0.104
0 0.155 0.18933333333333333 0.062 0.06
0 0.5043333333333333 0.13 0.126 0.12
0 0.6546666666666666 0.033999999999999996 0.06933333333333333 0.06666666666666667
0 0.04066666666666666 0.3933333333333333 0.08 0.14133333333333334
