0 0.634 0.10166666666666667 0.16133333333333333 0.17533333333333334
0 0.146 0.12333333333333332 0.10666666666666666 0.10933333333333332
0 0.2523333333333333 0.15733333333333333 0.122 0.13333333333333333
0 0.36133333333333334 0.39799999999999996 0.09866666666666667 0.10133333333333333
0 0.352 0.288 0.092 0.10266666666666667
0 0.43766666666666665 0.2813333333333333 0.09266666666666666 0.16533333333333333
0 0.5556666666666666 0.2843333333333333 0.154 0.17666666666666667
0 0.7493333333333333 0.092 0.08933333333333333 0.11333333333333333
0 0.7953333333333333 0.18433333333333332 0.19466666666666665 0.174
0 0.7166666666666667 0.33499999999999996 0.15733333333333333 0.15533333333333332
0 0.8576666666666667 0.347 0.17266666666666666 0.20466666666666666
0 0.9083333333333333 0.492 0.174 0.15333333333333332
0 0.725 0.46166666666666667 0.11266666666666666 0.10866666666666666
0 0.5726666666666667 0.42733333333333334 0.16666666666666666 0.15733333333333333
0 0.541 0.5523333333333333 0.15 0.15133333333333332
0 0.647 0.5686666666666667 0.082 0.10533333333333333
0 0.7513333333333333 0.576 0.13466666666666666 0.12133333333333333
0 0.9129999999999999 0.6053333333333333 0.11133333333333333 0.09866666666666667
1 0.4673333333333333 0.7273333333333333 0.08666666666666667 0.096
0 0.5623333333333334 0.6636666666666666 0.09 0.09266666666666666
0 0.6526666666666666 0.6596666666666666 0.07066666666666667 0.08733333333333333
0 0.757 0.6883333333333334 0.12066666666666666 0.118
0 0.864 0.7106666666666667 0.096 0.13466666666666666
0 0.9543333333333333 0.7036666666666667 0.07666666666666666 0.08733333333333333
0 0.6726666666666666 0.7926666666666666 0.13333333333333333 0.14533333333333334
0 0.7976666666666666 0.8036666666666666 0.11933333333333333 0.12333333333333332
0 0.266 0.7123333333333333 0.11599999999999999 0.11
0 0.14033333333333334 0.7016666666666667 0.13533333333333333 0.122
0 0.16233333333333333 0.595 0.12333333333333332 0.11133333333333333
0 0.32566666666666666 0.5579999999999999 0.122 0.11866666666666666
0 0.22699999999999998 0.49133333333333334 0.15533333333333332 0.148
0 0.13599999999999998 0.3733333333333333 0.13466666666666666 0.15466666666666667
0 0.24433333333333332 0.36766666666666664 0.08466666666666667 0.09533333333333333
0 0.043666666666666666 0.4563333333333333 0.07533333333333334 0.082
0 0.12366666666666666 0.49066666666666664 0.07133333333333333 0.08399999999999999
0 0.11166666666666666 0.22466666666666665 0.14466666666666667 0.152
0 0.24433333333333332 0.261 0.12066666666666666 0.11
0 0.37066666666666664 0.19733333333333333 0.06533333333333333 0.08133333333333333
0 0.036333333333333336 0.3476666666666667 0.07133333333333333 0.11933333333333333
0 0.45766666666666667 0.3953333333333333 0.05266666666666667 0.048
1 0.8773333333333333 0.7963333333333333 0.058666666666666666 0.066
0 0.9603333333333333 0.3403333333333333 0.07133333333333333 0.106
0 0.945 0.129 0.11 0.13266666666666665
