0 0.075 0.22333333333333333 0.14066666666666666 0.17066666666666666
0 0.184 0.181 0.10533333333333333 0.13
0 0.14933333333333332 0.2896666666666667 0.13333333333333333 0.11533333333333333
0 0.271 0.14766666666666667 0.11 0.10866666666666666
0 0.366 0.158 0.11733333333333333 0.11466666666666667
0 0.48966666666666664 0.13566666666666666 0.13933333333333334 0.14066666666666666
0 0.6673333333333333 0.08366666666666667 0.156 0.142
0 0.827 0.15033333333333332 0.14733333333333332 0.13666666666666666
0 0.629 0.20133333333333334 0.118 0.10133333333333333
0 0.5246666666666666 0.23966666666666667 0.09999999999999999 0.11533333333333333
0 0.642 0.29833333333333334 0.132 0.11533333333333333
0 0.8333333333333333 0.267 0.14266666666666666 0.11399999999999999
0 0.877 0.37666666666666665 0.16066666666666665 0.156
0 0.6653333333333333 0.388 0.18533333333333332 0.12266666666666666
0 0.407 0.3193333333333333 0.15133333333333332 0.13733333333333334
0 0.432 0.424 0.10133333333333333 0.07733333333333334
0 0.148 0.372 0.14133333333333334 0.10133333333333333
0 0.27999999999999997 0.3793333333333333 0.128 0.13333333333333333
0 0.066 0.47733333333333333 0.128 0.16799999999999998
0 0.185 0.48933333333333334 0.14866666666666667 0.12
0 0.475 0.5323333333333333 0.20199999999999999 0.16999999999999998
0 0.5783333333333334 0.5246666666666666 0.078 0.076
0 0.6749999999999999 0.504 0.14066666666666666 0.12933333333333333
0 0.7883333333333333 0.48233333333333334 0.11933333333333333 0.11933333333333333
1 0.7909999999999999 0.579 0.106 0.09266666666666666
0 0.8723333333333333 0.6393333333333333 0.12333333333333332 0.13066666666666665
0 0.6986666666666667 0.601 0.09333333333333332 0.09
0 0.609 0.6116666666666667 0.106 0.11399999999999999
0 0.5933333333333333 0.704 0.13466666666666666 0.12666666666666665
0 0.706 0.699 0.09999999999999999 0.12466666666666666
0 0.7813333333333333 0.6836666666666666 0.09733333333333333 0.10866666666666666
0 0.8063333333333333 0.7683333333333333 0.11133333333333333 0.106
0 0.7533333333333333 0.9543333333333333 0.108 0.078
0 0.7806666666666666 0.8706666666666666 0.088 0.09333333333333332
0 0.6873333333333334 0.8036666666666666 0.104 0.08466666666666667
0 0.6896666666666667 0.8946666666666666 0.12733333333333333 0.108
0 0.5746666666666667 0.8186666666666667 0.13333333333333333 0.13066666666666665
0 0.5666666666666667 0.9356666666666666 0.12933333333333333 0.12066666666666666
0 0.44566666666666666 0.858 0.118 0.10933333333333332
0 0.3743333333333333 0.7919999999999999 0.10866666666666666 0.12
0 0.4676666666666667 0.7546666666666666 0.11666666666666667 0.128
0 0.4553333333333333 0.6523333333333333 0.10133333333333333 0.082
0 0.32566666666666666 0.6266666666666666 0.16999999999999998 0.21066666666666667
0 0.071 0.6373333333333333 0.126 0.12933333333333333
0 0.17933333333333332 0.6176666666666667 0.15733333333333333 0.15666666666666665
0 0.11533333333333333 0.7303333333333333 0.132 0.09266666666666666
0 0.095 0.862 0.11933333333333333 0.09866666666666667
0 0.21533333333333332 0.826 0.18133333333333332 0.16
0 0.2563333333333333 0.9376666666666666 0.14733333333333332 0.09666666666666666
0 0.8716666666666666 0.9353333333333333 0.122 0.128
0 0.096 0.955 0.10933333333333332 0.09
0 0.7206666666666667 0.18933333333333333 0.08266666666666667 0.09866666666666667
0 0.224 0.6963333333333334 0.09866666666666667 0.102
0 0.518 0.6313333333333333 0.050666666666666665 0.05333333333333333
0 0.8863333333333333 0.8206666666666667 0.035333333333333335 0.036
0 0.957 0.6163333333333333 0.086 0.214
0 0.9223333333333333 0.255 0.06733333333333333 0.07933333333333333
1 0.7413333333333333 0.2613333333333333 0.030666666666666665 0.04
0 0.9466666666666667 0.16266666666666665 0.10666666666666666 0.18533333333333332
0 0.8533333333333333 0.024333333333333332 0.07466666666666666 0.04733333333333333
0 0.241 0.05733333333333333 0.13799999999999998 0.11333333333333333
0 0.36366666666666664 0.05466666666666666 0.13933333333333334 0.108
0 0.4686666666666667 0.03666666666666667 0.09466666666666666 0.072
