0 0.06833333333333333 0.11566666666666667 0.13133333333333333 0.16066666666666665
1 0.18466666666666667 0.16999999999999998 0.104 0.108
0 0.102 0.23933333333333331 0.108 0.10533333333333333
0 0.26666666666666666 0.15 0.096 0.132
0 0.352 0.09333333333333332 0.12533333333333332 0.10266666666666667
0 0.36433333333333334 0.192 0.11399999999999999 0.12266666666666666
0 0.44866666666666666 0.12266666666666666 0.08133333333333333 0.12266666666666666
0 0.5519999999999999 0.135 0.13066666666666665 0.178
0 0.625 0.21433333333333332 0.08466666666666667 0.09666666666666666
0 0.7333333333333333 0.06999999999999999 0.124 0.10266666666666667
1 0.7286666666666667 0.17266666666666666 0.09733333333333333 0.12
1 0.8153333333333334 0.15733333333333333 0.096 0.12533333333333332
0 0.8366666666666667 0.25066666666666665 0.13333333333333333 0.11733333333333333
1 0.9453333333333332 0.25466666666666665 0.092 0.10533333333333333
1 0.9256666666666666 0.36266666666666664 0.122 0.128
1 0.731 0.2826666666666667 0.11666666666666667 0.09999999999999999
1 0.6333333333333333 0.317 0.11866666666666666 0.11133333333333333
0 0.5376666666666666 0.33999999999999997 0.08733333333333333 0.06799999999999999
0 0.4726666666666666 0.4033333333333333 0.13599999999999998 0.10266666666666667
0 0.48966666666666664 0.5093333333333333 0.13 0.112
0 0.6226666666666666 0.49066666666666664 0.13599999999999998 0.164
0 0.739 0.36566666666666664 0.08733333333333333 0.066
0 0.82 0.39766666666666667 0.06933333333333333 0.07266666666666667
0 0.7313333333333333 0.44366666666666665 0.09466666666666666 0.086
0 0.754 0.5496666666666666 0.12933333333333333 0.14066666666666666
0 0.8196666666666667 0.4756666666666666 0.08466666666666667 0.086
0 0.903 0.512 0.118 0.104
0 0.8896666666666666 0.5956666666666667 0.13 0.082
0 0.8006666666666666 0.6323333333333333 0.10533333333333333 0.086
0 0.7923333333333333 0.7353333333333333 0.12466666666666666 0.11466666666666667
0 0.9049999999999999 0.6779999999999999 0.106 0.09466666666666666
0 0.951 0.758 0.08333333333333333 0.08133333333333333
0 0.9496666666666667 0.842 0.094 0.10533333333333333
1 0.8756666666666666 0.7853333333333333 0.09133333333333334 0.072
0 0.7956666666666666 0.8029999999999999 0.07933333333333333 0.08866666666666666
0 0.632 0.6303333333333333 0.088 0.08466666666666667
1 0.724 0.881 0.09999999999999999 0.106
0 0.8036666666666666 0.9546666666666667 0.09133333333333334 0.07733333333333334
0 0.702 0.9576666666666667 0.12533333333333332 0.08466666666666667
0 0.82 0.8856666666666666 0.09466666666666666 0.08733333333333333
0 0.35233333333333333 0.8406666666666667 0.086 0.08933333333333333
0 0.3446666666666667 0.9293333333333333 0.10133333333333333 0.09733333333333333
0 0.427 0.9433333333333334 0.08333333333333333 0.09733333333333333
0 0.5203333333333333 0.9296666666666666 0.08866666666666666 0.10866666666666666
1 0.42866666666666664 0.835 0.072 0.10866666666666666
0 0.501 0.819 0.086 0.11533333333333333
0 0.5863333333333333 0.7913333333333333 0.09 0.12933333333333333
1 0.5986666666666667 0.8823333333333333 0.09333333333333332 0.07266666666666667
0 0.09999999999999999 0.8066666666666666 0.132 0.10933333333333332
0 0.12633333333333333 0.8886666666666666 0.118 0.06533333333333333
0 0.251 0.7533333333333333 0.11399999999999999 0.09733333333333333
0 0.06999999999999999 0.6586666666666666 0.06666666666666667 0.072
0 0.16733333333333333 0.6793333333333333 0.13599999999999998 0.13066666666666665
0 0.3423333333333333 0.6913333333333334 0.09666666666666666 0.076
0 0.3473333333333333 0.603 0.12933333333333333 0.11133333333333333
0 0.23333333333333334 0.5586666666666666 0.10666666666666666 0.12
0 0.13333333333333333 0.5543333333333333 0.10133333333333333 0.122
0 0.134 0.44 0.16666666666666666 0.10933333333333332
0 0.3123333333333333 0.45966666666666667 0.182 0.17933333333333332
0 0.11366666666666667 0.3413333333333333 0.11533333333333333 0.08533333333333333
0 0.21866666666666665 0.31033333333333335 0.16133333333333333 0.15
0 0.16733333333333333 0.066 0.156 0.13066666666666665
0 0.47733333333333333 0.29833333333333334 0.052 0.05533333333333333
1 0.3833333333333333 0.31066666666666665 0.042666666666666665 0.04666666666666666
0 0.32366666666666666 0.27299999999999996 0.028666666666666667 0.028666666666666667
0 0.3213333333333333 0.349 0.06666666666666667 0.06866666666666667
0 0.42533333333333334 0.36433333333333334 0.044 0.056666666666666664
0 0.635 0.39 0.06466666666666666 0.07333333333333333
1 0.421 0.6656666666666666 0.054 0.056666666666666664
1 0.48333333333333334 0.651 0.042666666666666665 0.05266666666666667
0 0.5396666666666666 0.6923333333333334 0.033999999999999996 0.035333333333333335
0 0.36666666666666664 0.7603333333333333 0.13066666666666665 0.102
1 0.2593333333333333 0.834 0.15066666666666667 0.08666666666666667
0 0.03666666666666667 0.9216666666666666 0.072 0.13133333333333333
0 0.112 0.9573333333333333 0.12266666666666666 0.08533333333333333
0 0.22733333333333333 0.939 0.17066666666666666 0.122
1 0.6026666666666667 0.9386666666666666 0.06933333333333333 0.06
0 0.7226666666666667 0.7876666666666666 0.05333333333333333 0.043333333333333335
0 0.66 0.7696666666666666 0.06 0.056666666666666664
0 0.6986666666666667 0.7313333333333333 0.06933333333333333 0.07333333333333333
0 0.8223333333333334 0.32266666666666666 0.082 0.08533333333333333
0 0.8946666666666666 0.082 0.08399999999999999 0.08133333333333333
0 0.868 0.04433333333333333 0.12133333333333333 0.08733333333333333
