0 0.7783333333333333 0.33166666666666667 0.11666666666666667 0.10733333333333334
0 0.897 0.358 0.11266666666666666 0.10933333333333332
1 0.8043333333333333 0.443 0.09266666666666666 0.08733333333333333
0 0.8973333333333333 0.5096666666666666 0.10666666666666666 0.08466666666666667
1 0.7966666666666666 0.524 0.13599999999999998 0.07733333333333334
0 0.7186666666666667 0.567 0.09999999999999999 0.08866666666666666
0 0.6216666666666667 0.49566666666666664 0.07533333333333334 0.09266666666666666
0 0.7126666666666667 0.4503333333333333 0.10666666666666666 0.11933333333333333
1 0.816 0.597 0.09466666666666666 0.07133333333333333
1 0.95 0.7463333333333333 0.09866666666666667 0.094
1 0.952 0.885 0.07733333333333334 0.086
1 0.7993333333333333 0.958 0.07466666666666666 0.06533333333333333
0 0.7326666666666667 0.9283333333333333 0.03866666666666667 0.10066666666666667
0 0.636 0.858 0.09866666666666667 0.10133333333333333
1 0.6313333333333333 0.9473333333333332 0.072 0.064
0 0.4646666666666667 0.8843333333333333 0.10533333333333333 0.10466666666666666
0 0.5443333333333333 0.8646666666666666 0.08733333333333333 0.10133333333333333
0 0.5569999999999999 0.7836666666666666 0.07933333333333333 0.07533333333333334
0 0.6456666666666666 0.781 0.09 0.086
0 0.8096666666666666 0.7713333333333333 0.14066666666666666 0.10266666666666667
1 0.8153333333333334 0.878 0.12133333333333333 0.10533333333333333
0 0.8056666666666666 0.6933333333333334 0.08733333333333333 0.07733333333333334
0 0.7413333333333333 0.651 0.09999999999999999 0.08466666666666667
1 0.643 0.702 0.08733333333333333 0.10266666666666667
1 0.5623333333333334 0.7006666666666667 0.08466666666666667 0.09733333333333333
0 0.473 0.732 0.11133333333333333 0.09999999999999999
0 0.49033333333333334 0.6363333333333333 0.07666666666666666 0.086
1 0.5603333333333333 0.6163333333333333 0.06066666666666667 0.06466666666666666
1 0.5589999999999999 0.5489999999999999 0.057999999999999996 0.06333333333333332
1 0.633 0.6026666666666667 0.08333333333333333 0.09866666666666667
0 0.3943333333333333 0.515 0.14866666666666667 0.126
0 0.4013333333333333 0.6386666666666666 0.12133333333333333 0.10133333333333333
1 0.382 0.722 0.08133333333333333 0.06799999999999999
0 0.049666666666666665 0.7033333333333333 0.08333333333333333 0.09466666666666666
0 0.144 0.6849999999999999 0.09733333333333333 0.08066666666666666
1 0.12666666666666665 0.76 0.06533333333333333 0.06133333333333333
0 0.21966666666666665 0.72 0.08466666666666667 0.092
0 0.30066666666666664 0.6649999999999999 0.08933333333333333 0.11266666666666666
0 0.295 0.814 0.15266666666666667 0.13599999999999998
0 0.21066666666666667 0.886 0.10533333333333333 0.10133333333333333
0 0.04766666666666666 0.7899999999999999 0.08333333333333333 0.07333333333333333
1 0.10633333333333334 0.8516666666666667 0.11933333333333333 0.08066666666666666
0 0.30233333333333334 0.5753333333333334 0.082 0.07333333333333333
0 0.48433333333333334 0.5499999999999999 0.08066666666666666 0.07733333333333334
0 0.49566666666666664 0.48066666666666663 0.03133333333333333 0.04
0 0.2783333333333333 0.9476666666666667 0.09799999999999999 0.10466666666666666
0 0.4563333333333333 0.963 0.08866666666666666 0.074
0 0.5499999999999999 0.9573333333333333 0.092 0.08533333333333333
0 0.6953333333333334 0.9216666666666666 0.048 0.066
0 0.7203333333333333 0.848 0.06066666666666667 0.08133333333333333
1 0.8933333333333333 0.9533333333333333 0.092 0.09333333333333332
0 0.9406666666666667 0.8049999999999999 0.09866666666666667 0.07133333333333333
1 0.957 0.657 0.086 0.11
0 0.7136666666666667 0.7376666666666667 0.05533333333333333 0.082
1 0.9726666666666667 0.3343333333333333 0.05466666666666666 0.09799999999999999
