0 0.12566666666666665 0.15333333333333332 0.06066666666666667 0.064
0 0.212 0.06433333333333333 0.092 0.11133333333333333
0 0.20433333333333334 0.161 0.09266666666666666 0.08733333333333333
0 0.12233333333333334 0.285 0.05933333333333333 0.078
0 0.17366666666666666 0.2776666666666667 0.07133333333333333 0.11
0 0.377 0.09766666666666667 0.08866666666666666 0.09666666666666666
0 0.5013333333333333 0.09899999999999999 0.09866666666666667 0.11399999999999999
0 0.573 0.04766666666666666 0.10333333333333333 0.086
0 0.757 0.08533333333333333 0.10733333333333334 0.13066666666666665
0 0.8526666666666667 0.08299999999999999 0.10933333333333332 0.126
0 0.9133333333333333 0.13633333333333333 0.07466666666666666 0.09133333333333334
0 0.9026666666666666 0.22766666666666666 0.076 0.082
1 0.871 0.3253333333333333 0.08733333333333333 0.09466666666666666
1 0.8083333333333333 0.39899999999999997 0.09799999999999999 0.10866666666666666
0 0.9256666666666666 0.488 0.11133333333333333 0.09999999999999999
1 0.6306666666666666 0.499 0.06533333333333333 0.06066666666666667
1 0.507 0.4413333333333333 0.09 0.10133333333333333
1 0.22033333333333333 0.4393333333333333 0.08066666666666666 0.07466666666666666
1 0.48933333333333334 0.35133333333333333 0.064 0.06799999999999999
0 0.23399999999999999 0.3213333333333333 0.07466666666666666 0.064
0 0.26166666666666666 0.22266666666666665 0.10866666666666666 0.12533333333333332
0 0.36866666666666664 0.3263333333333333 0.11066666666666666 0.11266666666666666
0 0.352 0.211 0.108 0.12333333333333332
0 0.45566666666666666 0.19833333333333333 0.09266666666666666 0.11
0 0.541 0.23366666666666666 0.11133333333333333 0.13666666666666666
0 0.621 0.147 0.11 0.12066666666666666
0 0.7063333333333333 0.19533333333333333 0.08333333333333333 0.104
0 0.7999999999999999 0.20333333333333334 0.09066666666666666 0.108
0 0.6763333333333333 0.38666666666666666 0.08733333333333333 0.108
1 0.6063333333333333 0.3913333333333333 0.057999999999999996 0.08133333333333333
1 0.5583333333333333 0.37366666666666665 0.056666666666666664 0.08333333333333333
1 0.643 0.2553333333333333 0.07133333333333333 0.07333333333333333
0 0.6373333333333333 0.3113333333333333 0.06799999999999999 0.06133333333333333
0 0.748 0.2886666666666667 0.09466666666666666 0.09333333333333332
0 0.10266666666666667 0.06266666666666666 0.13066666666666665 0.124
1 0.031 0.4136666666666666 0.06066666666666667 0.086
1 0.955 0.4013333333333333 0.09 0.088
1 0.963 0.317 0.074 0.086
