1 0.5606666666666666 0.079 0.13066666666666665 0.11533333333333333
0 0.346 0.10099999999999999 0.12666666666666665 0.126
0 0.2673333333333333 0.2373333333333333 0.12266666666666666 0.13999999999999999
0 0.3873333333333333 0.236 0.13733333333333334 0.16799999999999998
0 0.49266666666666664 0.19966666666666666 0.10266666666666667 0.13799999999999998
0 0.48266666666666663 0.319 0.12533333333333332 0.118
0 0.618 0.32566666666666666 0.13999999999999999 0.11666666666666667
1 0.7626666666666666 0.39199999999999996 0.12666666666666665 0.16133333333333333
1 0.8836666666666666 0.409 0.12333333333333332 0.16999999999999998
1 0.9256666666666666 0.5023333333333333 0.07533333333333334 0.07933333333333333
1 0.26266666666666666 0.36133333333333334 0.12133333333333333 0.092
0 0.2803333333333333 0.45999999999999996 0.11533333333333333 0.10266666666666667
1 0.39166666666666666 0.4643333333333333 0.126 0.14733333333333332
0 0.486 0.535 0.13733333333333334 0.142
0 0.6226666666666666 0.524 0.14666666666666667 0.15866666666666665
0 0.7736666666666666 0.59 0.13799999999999998 0.11466666666666667
0 0.8013333333333333 0.7056666666666667 0.12933333333333333 0.11399999999999999
1 0.327 0.7303333333333333 0.10866666666666666 0.10733333333333334
0 0.175 0.9263333333333333 0.126 0.146
1 0.4333333333333333 0.8293333333333333 0.10666666666666666 0.13333333333333333
1 0.3173333333333333 0.8343333333333333 0.08 0.08466666666666667
0 0.5499999999999999 0.8093333333333333 0.12933333333333333 0.176
0 0.4646666666666667 0.9433333333333334 0.10266666666666667 0.092
0 0.5579999999999999 0.9233333333333333 0.09999999999999999 0.088
0 0.659 0.9163333333333333 0.11133333333333333 0.102
1 0.7553333333333333 0.8976666666666666 0.06266666666666666 0.05533333333333333
1 0.8576666666666667 0.9089999999999999 0.08333333333333333 0.08066666666666666
0 0.662 0.8016666666666666 0.092 0.12466666666666666
1 0.779 0.8029999999999999 0.14333333333333334 0.12466666666666666
1 0.6639999999999999 0.695 0.088 0.086
0 0.23099999999999998 0.05266666666666667 0.14733333333333332 0.104
1 0.43366666666666664 0.12366666666666666 0.04733333333333333 0.054
1 0.3773333333333333 0.34199999999999997 0.09066666666666666 0.088
1 0.6496666666666666 0.40299999999999997 0.06733333333333333 0.08733333333333333
1 0.7363333333333333 0.4933333333333333 0.05266666666666667 0.050666666666666665
0 0.355 0.9376666666666666 0.11 0.12466666666666666
1 0.22766666666666666 0.7353333333333333 0.05533333333333333 0.06533333333333333
1 0.9149999999999999 0.7066666666666667 0.09799999999999999 0.11066666666666666
1 0.9319999999999999 0.5933333333333333 0.13599999999999998 0.14933333333333332
