0 0.362 0.244 0.16933333333333334 0.17066666666666666
0 0.42333333333333334 0.36533333333333334 0.16533333333333333 0.13333333333333333
0 0.5543333333333333 0.10933333333333332 0.126 0.13733333333333334
0 0.823 0.12466666666666666 0.18066666666666667 0.15733333333333333
0 0.9193333333333333 0.2513333333333333 0.14133333333333334 0.11599999999999999
0 0.7586666666666666 0.2763333333333333 0.20133333333333334 0.146
0 0.5793333333333334 0.412 0.132 0.13466666666666666
0 0.948 0.13166666666666665 0.08933333333333333 0.12333333333333332
1 0.443 0.5506666666666666 0.12066666666666666 0.13599999999999998
1 0.5756666666666667 0.623 0.13 0.15133333333333332
0 0.4603333333333333 0.6913333333333334 0.12466666666666666 0.152
1 0.5523333333333333 0.7696666666666666 0.122 0.11399999999999999
0 0.327 0.5816666666666667 0.122 0.14066666666666666
0 0.207 0.601 0.126 0.14066666666666666
0 0.23266666666666666 0.704 0.09466666666666666 0.09333333333333332
0 0.3423333333333333 0.7066666666666667 0.11933333333333333 0.096
0 0.33399999999999996 0.813 0.13866666666666666 0.122
0 0.27166666666666667 0.9289999999999999 0.11133333333333333 0.10733333333333334
0 0.36666666666666664 0.9363333333333334 0.112 0.11933333333333333
0 0.492 0.9093333333333333 0.132 0.13466666666666666
1 0.48466666666666663 0.438 0.06533333333333333 0.056
0 0.14766666666666667 0.077 0.17533333333333334 0.15266666666666667
0 0.06766666666666667 0.10166666666666667 0.08066666666666666 0.08466666666666667
1 0.17733333333333332 0.29566666666666663 0.088 0.07266666666666667
0 0.08733333333333333 0.38766666666666666 0.16933333333333334 0.16599999999999998
1 0.5433333333333333 0.20333333333333334 0.05333333333333333 0.050666666666666665
1 0.221 0.47966666666666663 0.038 0.033999999999999996
0 0.132 0.47433333333333333 0.058666666666666666 0.049999999999999996
0 0.15833333333333333 0.698 0.03133333333333333 0.029333333333333333
1 0.11599999999999999 0.5843333333333333 0.044 0.05933333333333333
0 0.04666666666666666 0.6443333333333333 0.092 0.15
0 0.7666666666666666 0.05533333333333333 0.152 0.10933333333333332
0 0.9503333333333333 0.31866666666666665 0.09933333333333333 0.10666666666666666
