0 0.063 0.5133333333333333 0.11666666666666667 0.10133333333333333
1 0.05333333333333333 0.27466666666666667 0.09999999999999999 0.08533333333333333
0 0.08133333333333333 0.11166666666666666 0.10266666666666667 0.08066666666666666
0 0.14033333333333334 0.07033333333333333 0.09 0.09
0 0.325 0.13033333333333333 0.09799999999999999 0.09533333333333333
1 0.286 0.20099999999999998 0.096 0.10733333333333334
0 0.10233333333333333 0.20033333333333334 0.11399999999999999 0.09666666666666666
0 0.19799999999999998 0.208 0.09999999999999999 0.104
0 0.148 0.2776666666666667 0.08933333333333333 0.07666666666666666
1 0.16899999999999998 0.35633333333333334 0.086 0.082
0 0.08433333333333333 0.358 0.08066666666666666 0.08133333333333333
0 0.20766666666666667 0.05466666666666666 0.12866666666666665 0.108
0 0.4023333333333333 0.059666666666666666 0.12333333333333332 0.118
0 0.18333333333333332 0.48933333333333334 0.08666666666666667 0.092
