1 0.31966666666666665 0.11433333333333333 0.11266666666666666 0.13933333333333334
0 0.261 0.20066666666666666 0.118 0.13066666666666665
1 0.19233333333333333 0.125 0.11133333333333333 0.118
0 0.06133333333333333 0.29566666666666663 0.07333333333333333 0.074
0 0.16366666666666665 0.2803333333333333 0.11266666666666666 0.15666666666666665
0 0.29266666666666663 0.36833333333333335 0.06666666666666667 0.08066666666666666
0 0.24466666666666667 0.32866666666666666 0.06266666666666666 0.132
1 0.35533333333333333 0.36633333333333334 0.06266666666666666 0.10466666666666666
0 0.4523333333333333 0.3406666666666667 0.122 0.15333333333333332
0 0.3943333333333333 0.25366666666666665 0.08466666666666667 0.08733333333333333
0 0.5036666666666666 0.11466666666666667 0.15 0.16533333333333333
0 0.5626666666666666 0.29233333333333333 0.09333333333333332 0.11666666666666667
0 0.4036666666666667 0.04833333333333333 0.09133333333333334 0.09
0 0.39466666666666667 0.4513333333333333 0.104 0.096
0 0.3733333333333333 0.5316666666666666 0.10133333333333333 0.082
0 0.25966666666666666 0.5273333333333333 0.10466666666666666 0.096
0 0.06966666666666667 0.494 0.08733333333333333 0.06533333333333333
0 0.14433333333333334 0.6566666666666666 0.10733333333333334 0.12933333333333333
0 0.239 0.6296666666666666 0.09266666666666666 0.106
0 0.107 0.7533333333333333 0.11 0.09733333333333333
0 0.20533333333333334 0.736 0.10133333333333333 0.10666666666666666
0 0.096 0.848 0.09866666666666667 0.06799999999999999
0 0.050333333333333334 0.9276666666666666 0.08466666666666667 0.08733333333333333
0 0.14233333333333334 0.9266666666666666 0.08066666666666666 0.09733333333333333
0 0.23333333333333334 0.9199999999999999 0.096 0.10533333333333333
0 0.297 0.8356666666666667 0.12066666666666666 0.12066666666666666
0 0.3123333333333333 0.7493333333333333 0.102 0.06933333333333333
0 0.45999999999999996 0.5393333333333333 0.06799999999999999 0.07466666666666666
0 0.45599999999999996 0.6576666666666666 0.06666666666666667 0.08333333333333333
0 0.432 0.7406666666666667 0.07333333333333333 0.08933333333333333
0 0.4103333333333333 0.8336666666666667 0.08866666666666666 0.09666666666666666
0 0.3446666666666667 0.9263333333333333 0.096 0.11533333333333333
0 0.435 0.9293333333333333 0.082 0.09466666666666666
0 0.5206666666666666 0.831 0.096 0.10333333333333333
0 0.541 0.647 0.09133333333333334 0.09266666666666666
0 0.5236666666666666 0.7426666666666667 0.09266666666666666 0.088
0 0.6126666666666667 0.7316666666666667 0.076 0.07933333333333333
0 0.6283333333333333 0.819 0.09133333333333334 0.09
0 0.7276666666666667 0.8093333333333333 0.08466666666666667 0.088
0 0.7756666666666666 0.9016666666666666 0.12733333333333333 0.12733333333333333
0 0.9299999999999999 0.888 0.09466666666666666 0.10533333333333333
0 0.9369999999999999 0.769 0.11399999999999999 0.11266666666666666
0 0.632 0.619 0.09333333333333332 0.09266666666666666
0 0.5569999999999999 0.508 0.09799999999999999 0.10933333333333332
0 0.7273333333333333 0.6296666666666666 0.10533333333333333 0.10866666666666666
1 0.7516666666666666 0.5469999999999999 0.051333333333333335 0.048666666666666664
1 0.693 0.41633333333333333 0.054 0.06866666666666667
0 0.654 0.49766666666666665 0.09333333333333332 0.094
0 0.8896666666666666 0.42233333333333334 0.16999999999999998 0.15266666666666667
0 0.887 0.3133333333333333 0.10866666666666666 0.06533333333333333
0 0.9049999999999999 0.12733333333333333 0.11933333333333333 0.09866666666666667
0 0.7776666666666666 0.3476666666666667 0.09266666666666666 0.11399999999999999
0 0.6606666666666666 0.299 0.10533333333333333 0.12466666666666666
0 0.638 0.18166666666666667 0.09466666666666666 0.118
0 0.6689999999999999 0.09733333333333333 0.08333333333333333 0.09733333333333333
0 0.7563333333333333 0.16833333333333333 0.10866666666666666 0.11133333333333333
0 0.7763333333333333 0.251 0.08733333333333333 0.074
0 0.8393333333333333 0.22033333333333333 0.06666666666666667 0.11266666666666666
1 0.762 0.07533333333333334 0.07466666666666666 0.07733333333333334
1 0.053 0.11333333333333333 0.10466666666666666 0.108
1 0.40199999999999997 0.14433333333333334 0.06933333333333333 0.09
0 0.5703333333333334 0.035666666666666666 0.06066666666666667 0.06733333333333333
0 0.5836666666666667 0.096 0.082 0.096
1 0.5266666666666666 0.205 0.08399999999999999 0.078
1 0.15666666666666665 0.433 0.034666666666666665 0.03666666666666667
1 0.35933333333333334 0.6536666666666666 0.04533333333333333 0.06466666666666666
0 0.04533333333333333 0.6603333333333333 0.088 0.14066666666666666
0 0.33066666666666666 0.7053333333333333 0.08266666666666667 0.07866666666666666
0 0.195 0.832 0.09933333333333333 0.096
0 0.622 0.9763333333333333 0.05733333333333333 0.04733333333333333
0 0.7913333333333333 0.9823333333333333 0.044 0.035333333333333335
1 0.8203333333333334 0.691 0.04733333333333333 0.04733333333333333
1 0.9523333333333333 0.5686666666666667 0.04466666666666667 0.06
0 0.9666666666666667 0.3406666666666667 0.06666666666666667 0.11866666666666666
0 0.9353333333333333 0.216 0.12933333333333333 0.12933333333333333
1 0.98 0.12566666666666665 0.04 0.06466666666666666
0 0.9283333333333333 0.04433333333333333 0.13 0.08733333333333333
