0 0.7136666666666667 0.06933333333333333 0.14866666666666667 0.12666666666666665
0 0.9109999999999999 0.072 0.15133333333333332 0.13999999999999999
0 0.8513333333333333 0.18766666666666665 0.176 0.18066666666666667
0 0.73 0.18733333333333332 0.08933333333333333 0.10933333333333332
0 0.6206666666666667 0.15333333333333332 0.16266666666666665 0.17466666666666666
0 0.5736666666666667 0.26566666666666666 0.09533333333333333 0.07533333333333334
0 0.093 0.224 0.07666666666666666 0.07733333333333334
0 0.16533333333333333 0.21966666666666665 0.07066666666666667 0.08066666666666666
0 0.26866666666666666 0.212 0.11066666666666666 0.09333333333333332
0 0.3723333333333333 0.237 0.08733333333333333 0.07666666666666666
0 0.148 0.321 0.09733333333333333 0.11133333333333333
0 0.2693333333333333 0.35433333333333333 0.13999999999999999 0.18866666666666665
0 0.37566666666666665 0.33699999999999997 0.11933333333333333 0.14333333333333334
0 0.41966666666666663 0.4746666666666666 0.15133333333333332 0.17333333333333334
0 0.47933333333333333 0.3453333333333333 0.09333333333333332 0.104
0 0.5673333333333334 0.35866666666666663 0.09733333333333333 0.156
0 0.6759999999999999 0.35666666666666663 0.10266666666666667 0.16533333333333333
0 0.7936666666666666 0.37066666666666664 0.12466666666666666 0.176
0 0.9196666666666666 0.361 0.12333333333333332 0.17666666666666667
0 0.8833333333333333 0.528 0.19866666666666666 0.17466666666666666
0 0.7093333333333333 0.473 0.10266666666666667 0.082
0 0.578 0.4953333333333333 0.16 0.13999999999999999
0 0.6759999999999999 0.606 0.23333333333333334 0.17733333333333332
0 0.482 0.565 0.10133333333333333 0.09799999999999999
0 0.13733333333333334 0.4393333333333333 0.16533333333333333 0.12
0 0.08133333333333333 0.5573333333333333 0.13866666666666666 0.13866666666666666
0 0.19466666666666665 0.5579999999999999 0.10133333333333333 0.112
0 0.29366666666666663 0.5459999999999999 0.11666666666666667 0.13333333333333333
0 0.112 0.6863333333333334 0.13599999999999998 0.122
0 0.23266666666666666 0.6669999999999999 0.11333333333333333 0.11133333333333333
0 0.36733333333333335 0.652 0.15333333333333332 0.16133333333333333
0 0.18666666666666665 0.765 0.09466666666666666 0.09799999999999999
0 0.28633333333333333 0.7643333333333333 0.09 0.08866666666666666
0 0.17666666666666667 0.8413333333333333 0.06266666666666666 0.07066666666666667
0 0.26566666666666666 0.842 0.08333333333333333 0.072
0 0.382 0.9169999999999999 0.104 0.14733333333333332
0 0.17666666666666667 0.9226666666666666 0.096 0.08666666666666667
0 0.073 0.9293333333333333 0.12733333333333333 0.09466666666666666
0 0.06866666666666667 0.8113333333333334 0.12266666666666666 0.12533333333333332
0 0.3883333333333333 0.7879999999999999 0.094 0.12533333333333332
0 0.5016666666666667 0.7516666666666666 0.12066666666666666 0.15266666666666667
0 0.46499999999999997 0.87 0.11 0.088
0 0.6799999999999999 0.8523333333333333 0.09999999999999999 0.11
0 0.593 0.8363333333333333 0.07666666666666666 0.158
0 0.8703333333333333 0.9233333333333333 0.178 0.112
0 0.9096666666666666 0.8103333333333333 0.10733333333333334 0.11666666666666667
0 0.845 0.6756666666666666 0.14733333333333332 0.14733333333333332
0 0.759 0.7776666666666666 0.20333333333333334 0.18466666666666667
0 0.06233333333333333 0.13833333333333334 0.12333333333333332 0.14333333333333334
0 0.3213333333333333 0.06266666666666666 0.14133333333333334 0.124
0 0.036333333333333336 0.42866666666666664 0.07133333333333333 0.156
0 0.271 0.9369999999999999 0.16333333333333333 0.126
0 0.5463333333333333 0.9456666666666667 0.13666666666666666 0.10866666666666666
0 0.9506666666666667 0.6906666666666667 0.09866666666666667 0.13733333333333334
0 0.956 0.21433333333333332 0.07733333333333334 0.122
