1 0.45899999999999996 0.05233333333333333 0.08333333333333333 0.07666666666666666
0 0.654 0.088 0.13733333333333334 0.14133333333333334
0 0.7859999999999999 0.09733333333333333 0.124 0.13066666666666665
0 0.06166666666666666 0.724 0.09133333333333334 0.10266666666666667
0 0.16933333333333334 0.753 0.132 0.158
0 0.159 0.88 0.13666666666666666 0.104
0 0.29733333333333334 0.7573333333333333 0.132 0.19733333333333333
0 0.41966666666666663 0.7856666666666666 0.146 0.18466666666666667
0 0.5783333333333334 0.8776666666666666 0.17533333333333334 0.182
0 0.6243333333333333 0.7893333333333333 0.094 0.09733333333333333
0 0.7416666666666667 0.8066666666666666 0.12333333333333332 0.13733333333333334
0 0.814 0.899 0.17066666666666666 0.18066666666666667
0 0.36633333333333334 0.8736666666666666 0.07933333333333333 0.09133333333333334
0 0.05466666666666666 0.843 0.108 0.13666666666666666
0 0.6776666666666666 0.8803333333333333 0.06733333333333333 0.082
0 0.9466666666666667 0.8943333333333333 0.10666666666666666 0.21
1 0.8646666666666666 0.124 0.058666666666666666 0.06
