0 0.16866666666666666 0.16466666666666666 0.092 0.10133333333333333
1 0.08766666666666667 0.126 0.08466666666666667 0.096
0 0.24666666666666665 0.11633333333333333 0.08933333333333333 0.102
0 0.3486666666666667 0.08333333333333333 0.096 0.10133333333333333
1 0.33766666666666667 0.17099999999999999 0.08733333333333333 0.08333333333333333
0 0.253 0.2363333333333333 0.17933333333333332 0.142
0 0.15766666666666665 0.318 0.11666666666666667 0.10133333333333333
0 0.13833333333333334 0.3933333333333333 0.08066666666666666 0.072
0 0.22566666666666665 0.37566666666666665 0.086 0.11666666666666667
0 0.31033333333333335 0.418 0.10866666666666666 0.132
0 0.13333333333333333 0.4746666666666666 0.08133333333333333 0.07866666666666666
0 0.22133333333333333 0.47733333333333333 0.09999999999999999 0.09066666666666666
0 0.119 0.5586666666666666 0.08866666666666666 0.08666666666666667
0 0.19599999999999998 0.5746666666666667 0.07333333333333333 0.08133333333333333
0 0.2896666666666667 0.5856666666666667 0.11133333333333333 0.118
0 0.13066666666666665 0.6346666666666666 0.088 0.06533333333333333
1 0.207 0.6849999999999999 0.09533333333333333 0.09133333333333334
0 0.07366666666666666 0.8573333333333333 0.09533333333333333 0.11333333333333333
0 0.16966666666666666 0.8563333333333333 0.09 0.14866666666666667
0 0.06033333333333333 0.9383333333333334 0.106 0.08466666666666667
0 0.27666666666666667 0.899 0.12933333333333333 0.13666666666666666
1 0.3823333333333333 0.9036666666666666 0.08333333333333333 0.11266666666666666
1 0.37766666666666665 0.8099999999999999 0.074 0.072
0 0.38966666666666666 0.7406666666666667 0.06066666666666667 0.07466666666666666
0 0.291 0.6779999999999999 0.06333333333333332 0.064
0 0.27899999999999997 0.779 0.118 0.09266666666666666
1 0.4056666666666667 0.41633333333333333 0.07666666666666666 0.09
1 0.497 0.4096666666666667 0.082 0.08466666666666667
1 0.5736666666666667 0.46799999999999997 0.126 0.096
1 0.5519999999999999 0.5433333333333333 0.09999999999999999 0.06666666666666667
0 0.4083333333333333 0.4963333333333333 0.09533333333333333 0.07266666666666667
1 0.4126666666666666 0.563 0.104 0.07266666666666667
0 0.391 0.645 0.11933333333333333 0.11399999999999999
1 0.5609999999999999 0.6176666666666667 0.10733333333333334 0.08733333333333333
0 0.486 0.652 0.06 0.072
0 0.48033333333333333 0.7143333333333333 0.08466666666666667 0.06333333333333332
0 0.47633333333333333 0.7913333333333333 0.09 0.09866666666666667
1 0.48066666666666663 0.8903333333333333 0.10933333333333332 0.11666666666666667
0 0.575 0.716 0.102 0.09999999999999999
0 0.575 0.8146666666666667 0.09799999999999999 0.09866666666666667
0 0.5846666666666667 0.9033333333333333 0.09066666666666666 0.09733333333333333
0 0.6663333333333333 0.5526666666666666 0.08333333333333333 0.10133333333333333
0 0.7443333333333333 0.5163333333333333 0.09266666666666666 0.12866666666666665
1 0.9249999999999999 0.5509999999999999 0.12066666666666666 0.11266666666666666
0 0.746 0.6363333333333333 0.104 0.08333333333333333
0 0.6936666666666667 0.6809999999999999 0.11666666666666667 0.11933333333333333
0 0.6646666666666666 0.8746666666666666 0.06133333333333333 0.09866666666666667
1 0.752 0.8516666666666667 0.11066666666666666 0.194
0 0.8423333333333333 0.8196666666666667 0.106 0.09133333333333334
0 0.8533333333333333 0.715 0.13866666666666666 0.11266666666666666
1 0.9119999999999999 0.09566666666666666 0.13599999999999998 0.11533333333333333
1 0.4453333333333333 0.08033333333333333 0.064 0.074
0 0.5093333333333333 0.049666666666666665 0.06933333333333333 0.08466666666666667
0 0.578 0.04733333333333333 0.07066666666666667 0.064
1 0.6826666666666666 0.03866666666666667 0.09999999999999999 0.07333333333333333
1 0.775 0.048666666666666664 0.07666666666666666 0.06666666666666667
0 0.6953333333333334 0.10866666666666666 0.10266666666666667 0.08666666666666667
1 0.5943333333333333 0.131 0.09266666666666666 0.09666666666666666
1 0.42766666666666664 0.177 0.07933333333333333 0.08866666666666666
1 0.5043333333333333 0.14333333333333334 0.08466666666666667 0.092
1 0.5936666666666667 0.21 0.07266666666666667 0.06133333333333333
1 0.503 0.20533333333333334 0.07666666666666666 0.06799999999999999
1 0.41533333333333333 0.31766666666666665 0.08533333333333333 0.08466666666666667
1 0.5713333333333334 0.36166666666666664 0.06133333333333333 0.057999999999999996
0 0.493 0.2906666666666667 0.08466666666666667 0.10266666666666667
1 0.5866666666666667 0.288 0.09733333333333333 0.09466666666666666
0 0.6583333333333333 0.33599999999999997 0.08466666666666667 0.13733333333333334
0 0.745 0.39899999999999997 0.08333333333333333 0.07533333333333334
0 0.8436666666666667 0.39199999999999996 0.07266666666666667 0.07466666666666666
0 0.9229999999999999 0.39566666666666667 0.09666666666666666 0.08733333333333333
0 0.9056666666666666 0.19533333333333333 0.11 0.09333333333333332
0 0.9046666666666666 0.256 0.06933333333333333 0.04666666666666666
0 0.9223333333333333 0.3193333333333333 0.118 0.07066666666666667
1 0.7583333333333333 0.30966666666666665 0.10733333333333334 0.08733333333333333
0 0.7616666666666666 0.21433333333333332 0.142 0.09666666666666666
0 0.757 0.13766666666666666 0.074 0.04733333333333333
0 0.25566666666666665 0.04466666666666667 0.074 0.06
0 0.432 0.02333333333333333 0.064 0.04533333333333333
1 0.076 0.20266666666666666 0.09466666666666666 0.072
1 0.05333333333333333 0.27299999999999996 0.10533333333333333 0.11533333333333333
1 0.042333333333333334 0.36633333333333334 0.08333333333333333 0.09799999999999999
0 0.063 0.4423333333333333 0.07533333333333334 0.07266666666666667
0 0.26166666666666666 0.32566666666666666 0.057999999999999996 0.049999999999999996
0 0.4756666666666666 0.964 0.09266666666666666 0.07066666666666667
1 0.6783333333333333 0.9626666666666667 0.12333333333333332 0.07466666666666666
1 0.9496666666666667 0.9003333333333333 0.10066666666666667 0.10866666666666666
1 0.949 0.8126666666666666 0.102 0.11866666666666666
1 0.947 0.6743333333333333 0.106 0.146
0 0.8383333333333333 0.6236666666666666 0.082 0.07133333333333333
1 0.9683333333333333 0.4633333333333333 0.06333333333333332 0.092
0 0.6616666666666666 0.19799999999999998 0.06866666666666667 0.08399999999999999
