0 0.18366666666666667 0.16599999999999998 0.118 0.09999999999999999
0 0.2833333333333333 0.14133333333333334 0.10666666666666666 0.12933333333333333
0 0.5306666666666666 0.11066666666666666 0.112 0.10933333333333332
0 0.8019999999999999 0.061 0.10266666666666667 0.12066666666666666
0 0.7386666666666667 0.2683333333333333 0.12933333333333333 0.11933333333333333
0 0.9153333333333333 0.33799999999999997 0.09866666666666667 0.07466666666666666
0 0.8093333333333333 0.35566666666666663 0.06933333333333333 0.086
0 0.7196666666666667 0.37266666666666665 0.12333333333333332 0.11066666666666666
1 0.613 0.37866666666666665 0.078 0.07066666666666667
1 0.5126666666666666 0.3913333333333333 0.09866666666666667 0.104
1 0.39799999999999996 0.14466666666666667 0.08533333333333333 0.07866666666666666
0 0.441 0.21066666666666667 0.08066666666666666 0.07066666666666667
0 0.077 0.2886666666666667 0.13933333333333334 0.17333333333333334
0 0.30833333333333335 0.43566666666666665 0.13799999999999998 0.15666666666666665
0 0.41133333333333333 0.41933333333333334 0.09333333333333332 0.09333333333333332
0 0.43166666666666664 0.3173333333333333 0.14866666666666667 0.13333333333333333
0 0.6556666666666666 0.472 0.11266666666666666 0.10133333333333333
0 0.9016666666666666 0.442 0.08733333333333333 0.09466666666666666
0 0.8436666666666667 0.5156666666666666 0.142 0.15266666666666667
0 0.6183333333333333 0.5489999999999999 0.082 0.07533333333333334
0 0.4043333333333333 0.5773333333333334 0.118 0.09866666666666667
1 0.5056666666666666 0.6023333333333333 0.11266666666666666 0.12066666666666666
0 0.47433333333333333 0.781 0.14733333333333332 0.12733333333333333
0 0.5643333333333334 0.6943333333333334 0.15266666666666667 0.20066666666666666
0 0.42433333333333334 0.6809999999999999 0.086 0.10333333333333333
0 0.06933333333333333 0.6563333333333333 0.10666666666666666 0.11533333333333333
0 0.134 0.7133333333333333 0.07733333333333334 0.09866666666666667
0 0.20366666666666666 0.5836666666666667 0.14733333333333332 0.19666666666666666
0 0.27166666666666667 0.744 0.12733333333333333 0.132
0 0.056666666666666664 0.8019999999999999 0.09866666666666667 0.10266666666666667
0 0.15133333333333332 0.835 0.10933333333333332 0.11133333333333333
0 0.21733333333333332 0.9073333333333333 0.07466666666666666 0.10533333333333333
0 0.27999999999999997 0.8586666666666667 0.092 0.12266666666666666
0 0.34933333333333333 0.8953333333333333 0.09466666666666666 0.132
0 0.45566666666666666 0.8946666666666666 0.13799999999999998 0.12533333333333332
0 0.6396666666666666 0.8003333333333333 0.106 0.12733333333333333
0 0.7556666666666666 0.763 0.118 0.18066666666666667
0 0.8756666666666666 0.767 0.11133333333333333 0.10333333333333333
1 0.891 0.8573333333333333 0.106 0.08399999999999999
1 0.7673333333333333 0.9443333333333332 0.072 0.07666666666666666
0 0.7186666666666667 0.08233333333333333 0.058666666666666666 0.08333333333333333
0 0.033 0.092 0.06466666666666666 0.09466666666666666
0 0.3506666666666667 0.2363333333333333 0.030666666666666665 0.041999999999999996
0 0.655 0.181 0.05933333333333333 0.057999999999999996
0 0.529 0.20066666666666666 0.046 0.04533333333333333
0 0.095 0.19966666666666666 0.035333333333333335 0.04066666666666666
0 0.45266666666666666 0.4933333333333333 0.08399999999999999 0.092
0 0.06666666666666667 0.5513333333333333 0.13066666666666665 0.132
0 0.043333333333333335 0.9309999999999999 0.08399999999999999 0.118
0 0.11633333333333333 0.9226666666666666 0.06466666666666666 0.06
0 0.6553333333333333 0.9433333333333334 0.152 0.11333333333333333
0 0.9666666666666667 0.853 0.06666666666666667 0.10333333333333333
0 0.9483333333333333 0.26666666666666666 0.10333333333333333 0.108
0 0.8166666666666667 0.25466666666666665 0.06 0.072
0 0.7776666666666666 0.16566666666666666 0.041999999999999996 0.03666666666666667
0 0.9119999999999999 0.06866666666666667 0.12533333333333332 0.13599999999999998
