0 0.042333333333333334 0.124 0.07266666666666667 0.11599999999999999
0 0.10099999999999999 0.11366666666666667 0.11 0.118
0 0.214 0.12966666666666665 0.12666666666666665 0.11933333333333333
0 0.06433333333333333 0.22333333333333333 0.11933333333333333 0.08533333333333333
0 0.18433333333333332 0.22133333333333333 0.11399999999999999 0.09999999999999999
0 0.09733333333333333 0.32066666666666666 0.10933333333333332 0.10666666666666666
0 0.214 0.312 0.05733333333333333 0.06799999999999999
0 0.284 0.3203333333333333 0.05333333333333333 0.043333333333333335
0 0.3506666666666667 0.2906666666666667 0.064 0.06666666666666667
0 0.3193333333333333 0.20033333333333334 0.14266666666666666 0.13666666666666666
0 0.39366666666666666 0.124 0.09133333333333334 0.12266666666666666
0 0.309 0.39766666666666667 0.08866666666666666 0.11399999999999999
0 0.22433333333333333 0.39 0.06733333333333333 0.06266666666666666
0 0.15066666666666667 0.39266666666666666 0.08666666666666667 0.07866666666666666
0 0.08266666666666667 0.494 0.06666666666666667 0.06
0 0.04 0.43866666666666665 0.06533333333333333 0.04
0 0.18266666666666667 0.486 0.12266666666666666 0.10666666666666666
0 0.2523333333333333 0.5466666666666666 0.122 0.12933333333333333
0 0.14933333333333332 0.6573333333333333 0.11733333333333333 0.13066666666666665
0 0.2613333333333333 0.6626666666666666 0.10666666666666666 0.09733333333333333
0 0.357 0.6276666666666666 0.07933333333333333 0.118
0 0.33266666666666667 0.7476666666666666 0.07733333333333334 0.10333333333333333
0 0.241 0.7516666666666666 0.09666666666666666 0.078
0 0.09166666666666666 0.7793333333333333 0.06466666666666666 0.06666666666666667
0 0.105 0.8643333333333333 0.11399999999999999 0.10333333333333333
0 0.214 0.849 0.10666666666666666 0.13933333333333334
0 0.07566666666666666 0.9443333333333332 0.094 0.082
0 0.318 0.8483333333333333 0.10933333333333332 0.10466666666666666
0 0.29433333333333334 0.9443333333333332 0.11 0.09
0 0.409 0.9276666666666666 0.11399999999999999 0.118
0 0.407 0.8253333333333333 0.09533333333333333 0.08
0 0.4533333333333333 0.6393333333333333 0.10533333333333333 0.10533333333333333
0 0.409 0.54 0.15533333333333332 0.10133333333333333
0 0.3993333333333333 0.4343333333333333 0.11599999999999999 0.10466666666666666
0 0.5173333333333333 0.11499999999999999 0.08933333333333333 0.07933333333333333
0 0.48766666666666664 0.172 0.12066666666666666 0.09066666666666666
0 0.625 0.11166666666666666 0.09 0.08333333333333333
0 0.5883333333333333 0.20433333333333334 0.078 0.086
0 0.4623333333333333 0.2703333333333333 0.12066666666666666 0.11
0 0.5416666666666666 0.2866666666666667 0.07133333333333333 0.06933333333333333
0 0.6659999999999999 0.26166666666666666 0.08399999999999999 0.078
0 0.595 0.3463333333333333 0.08333333333333333 0.08066666666666666
0 0.6673333333333333 0.35433333333333333 0.072 0.08333333333333333
0 0.488 0.44 0.064 0.07066666666666667
0 0.5786666666666667 0.44266666666666665 0.108 0.104
0 0.6836666666666666 0.44566666666666666 0.086 0.106
0 0.5303333333333333 0.5346666666666666 0.08466666666666667 0.096
0 0.5506666666666666 0.622 0.08666666666666667 0.09333333333333332
0 0.633 0.5466666666666666 0.11666666666666667 0.10133333333333333
0 0.7653333333333333 0.4766666666666666 0.09866666666666667 0.09733333333333333
0 0.941 0.6163333333333333 0.094 0.102
0 0.653 0.6383333333333333 0.12066666666666666 0.106
0 0.5153333333333333 0.7246666666666667 0.09866666666666667 0.10933333333333332
0 0.5043333333333333 0.814 0.082 0.09733333333333333
0 0.5263333333333333 0.9239999999999999 0.10733333333333334 0.13866666666666666
0 0.6076666666666667 0.8273333333333333 0.10866666666666666 0.124
0 0.6096666666666667 0.9169999999999999 0.07666666666666666 0.09666666666666666
0 0.7036666666666667 0.9066666666666666 0.10866666666666666 0.15733333333333333
0 0.8173333333333334 0.9179999999999999 0.11066666666666666 0.132
0 0.8993333333333333 0.9039999999999999 0.06133333333333333 0.09333333333333332
0 0.8916666666666666 0.8183333333333334 0.08733333333333333 0.09133333333333334
0 0.706 0.7413333333333333 0.09999999999999999 0.11466666666666667
0 0.6016666666666667 0.725 0.07933333333333333 0.08466666666666667
0 0.894 0.733 0.10266666666666667 0.118
0 0.8873333333333333 0.41566666666666663 0.10133333333333333 0.12466666666666666
0 0.11033333333333332 0.04933333333333333 0.09 0.06
0 0.6556666666666666 0.17166666666666666 0.086 0.086
0 0.7146666666666667 0.15033333333333332 0.08133333333333333 0.11666666666666667
0 0.534 0.35833333333333334 0.04666666666666666 0.05533333333333333
1 0.49133333333333334 0.37466666666666665 0.032 0.04533333333333333
0 0.409 0.36433333333333334 0.03133333333333333 0.038
0 0.026666666666666665 0.8936666666666666 0.052 0.06466666666666666
0 0.04433333333333333 0.7946666666666666 0.08733333333333333 0.15733333333333333
0 0.17466666666666666 0.942 0.13466666666666666 0.11599999999999999
0 0.958 0.8803333333333333 0.08399999999999999 0.13933333333333334
0 0.9716666666666667 0.7989999999999999 0.056666666666666664 0.078
0 0.9646666666666667 0.7043333333333333 0.07066666666666667 0.08333333333333333
0 0.9513333333333333 0.38366666666666666 0.09733333333333333 0.16466666666666666
0 0.9583333333333333 0.22033333333333333 0.08333333333333333 0.10066666666666667
0 0.9059999999999999 0.20199999999999999 0.09999999999999999 0.11733333333333333
0 0.7783333333333333 0.12466666666666666 0.06999999999999999 0.06533333333333333
