0 0.09799999999999999 0.165 0.13333333333333333 0.10733333333333334
0 0.2776666666666667 0.06433333333333333 0.10733333333333334 0.11133333333333333
1 0.4126666666666666 0.12666666666666665 0.104 0.11066666666666666
1 0.5126666666666666 0.12066666666666666 0.09866666666666667 0.132
1 0.605 0.124 0.07533333333333334 0.08
1 0.716 0.08366666666666667 0.14666666666666667 0.14733333333333332
0 0.11733333333333333 0.265 0.11333333333333333 0.08466666666666667
1 0.089 0.35733333333333334 0.10733333333333334 0.092
0 0.23199999999999998 0.315 0.14533333333333334 0.162
0 0.3293333333333333 0.2523333333333333 0.12666666666666665 0.14333333333333334
0 0.4333333333333333 0.224 0.13733333333333334 0.10266666666666667
0 0.441 0.32 0.11933333333333333 0.108
1 0.5589999999999999 0.322 0.07266666666666667 0.06799999999999999
1 0.5429999999999999 0.22599999999999998 0.09266666666666666 0.09333333333333332
0 0.632 0.236 0.096 0.13733333333333334
0 0.7286666666666667 0.212 0.10266666666666667 0.10666666666666666
1 0.9313333333333333 0.174 0.09999999999999999 0.09733333333333333
1 0.9203333333333333 0.2713333333333333 0.11933333333333333 0.12533333333333332
0 0.7979999999999999 0.2846666666666667 0.128 0.13733333333333334
1 0.35433333333333333 0.48233333333333334 0.09 0.08866666666666666
1 0.46099999999999997 0.4703333333333333 0.10733333333333334 0.11266666666666666
1 0.5716666666666667 0.4633333333333333 0.11666666666666667 0.10133333333333333
1 0.7346666666666667 0.5363333333333333 0.13999999999999999 0.14733333333333332
1 0.879 0.501 0.154 0.15933333333333333
0 0.521 0.5693333333333334 0.11 0.104
0 0.08833333333333333 0.6336666666666666 0.11399999999999999 0.11933333333333333
0 0.212 0.6163333333333333 0.16933333333333334 0.17933333333333332
0 0.18266666666666667 0.7426666666666667 0.11599999999999999 0.09866666666666667
1 0.262 0.9033333333333333 0.07466666666666666 0.09466666666666666
1 0.4013333333333333 0.6769999999999999 0.07866666666666666 0.08066666666666666
0 0.597 0.6713333333333333 0.12066666666666666 0.13866666666666666
1 0.8086666666666666 0.6636666666666666 0.13466666666666666 0.14333333333333334
1 0.9333333333333333 0.719 0.11466666666666667 0.11
1 0.9263333333333333 0.8276666666666667 0.118 0.12333333333333332
1 0.8166666666666667 0.8516666666666667 0.10933333333333332 0.10866666666666666
1 0.72 0.876 0.108 0.14533333333333334
0 0.6146666666666667 0.8983333333333333 0.11333333333333333 0.13799999999999998
1 0.10366666666666666 0.09 0.04066666666666666 0.04533333333333333
1 0.22166666666666665 0.16066666666666665 0.062 0.06533333333333333
1 0.49766666666666665 0.6719999999999999 0.04733333333333333 0.04933333333333333
1 0.05633333333333333 0.739 0.11 0.07133333333333333
0 0.06566666666666666 0.9279999999999999 0.056666666666666664 0.06666666666666667
1 0.499 0.871 0.05533333333333333 0.06466666666666666
0 0.8343333333333333 0.9496666666666667 0.106 0.10066666666666667
0 0.6546666666666666 0.43666666666666665 0.03333333333333333 0.048
0 0.623 0.5643333333333334 0.041999999999999996 0.03
