0 0.07833333333333332 0.10933333333333332 0.11666666666666667 0.10666666666666666
0 0.182 0.07733333333333334 0.12666666666666665 0.124
0 0.268 0.07433333333333333 0.104 0.11666666666666667
1 0.371 0.11766666666666667 0.146 0.15133333333333332
0 0.30533333333333335 0.24 0.132 0.13466666666666666
0 0.42233333333333334 0.224 0.11 0.14666666666666667
0 0.5146666666666666 0.081 0.12266666666666666 0.122
0 0.523 0.18566666666666667 0.11133333333333333 0.14333333333333334
0 0.619 0.13166666666666665 0.11933333333333333 0.20466666666666666
0 0.721 0.12333333333333332 0.11266666666666666 0.148
0 0.8993333333333333 0.079 0.156 0.14866666666666667
0 0.7796666666666666 0.19899999999999998 0.15533333333333332 0.16999999999999998
0 0.8826666666666666 0.17333333333333334 0.092 0.09866666666666667
0 0.8536666666666667 0.2803333333333333 0.178 0.162
0 0.5763333333333334 0.31566666666666665 0.09266666666666666 0.09133333333333334
0 0.48266666666666663 0.33799999999999997 0.08 0.072
0 0.36733333333333335 0.3233333333333333 0.10266666666666667 0.09066666666666666
0 0.2876666666666667 0.363 0.08466666666666667 0.08066666666666666
0 0.16966666666666666 0.35933333333333334 0.14333333333333334 0.13999999999999999
0 0.14333333333333334 0.48233333333333334 0.16799999999999998 0.142
0 0.2803333333333333 0.46499999999999997 0.11266666666666666 0.126
0 0.4026666666666667 0.43866666666666665 0.16 0.13999999999999999
0 0.603 0.41766666666666663 0.21533333333333332 0.19533333333333333
0 0.8743333333333333 0.413 0.16733333333333333 0.12466666666666666
0 0.778 0.4683333333333333 0.16799999999999998 0.214
0 0.6713333333333333 0.518 0.128 0.10133333333333333
0 0.9216666666666666 0.6206666666666667 0.15533333333333332 0.132
0 0.6056666666666667 0.613 0.12333333333333332 0.14466666666666667
0 0.7953333333333333 0.6726666666666666 0.13333333333333333 0.13333333333333333
0 0.8023333333333333 0.7899999999999999 0.15533333333333332 0.11466666666666667
0 0.6866666666666666 0.721 0.12933333333333333 0.126
0 0.484 0.7296666666666667 0.11333333333333333 0.15
0 0.45899999999999996 0.5393333333333333 0.21933333333333332 0.21333333333333332
0 0.2513333333333333 0.5863333333333333 0.13466666666666666 0.122
0 0.135 0.5836666666666667 0.08733333333333333 0.08333333333333333
0 0.13966666666666666 0.6906666666666667 0.186 0.12533333333333332
0 0.08933333333333333 0.7956666666666666 0.09999999999999999 0.09266666666666666
0 0.19633333333333333 0.783 0.15 0.14066666666666666
0 0.293 0.7766666666666666 0.11266666666666666 0.12266666666666666
0 0.32566666666666666 0.6483333333333333 0.17266666666666666 0.14333333333333334
0 0.077 0.8996666666666666 0.106 0.10466666666666666
0 0.189 0.8963333333333333 0.15133333333333332 0.11666666666666667
0 0.38 0.745 0.13066666666666665 0.158
0 0.9303333333333333 0.7533333333333333 0.13933333333333334 0.156
0 0.879 0.8583333333333333 0.15133333333333332 0.118
0 0.771 0.8893333333333333 0.11 0.10533333333333333
0 0.6533333333333333 0.8906666666666666 0.15866666666666665 0.16133333333333333
0 0.5293333333333333 0.9099999999999999 0.104 0.14133333333333334
0 0.38266666666666665 0.8693333333333333 0.192 0.13999999999999999
0 0.11133333333333333 0.19 0.12933333333333333 0.108
1 0.3983333333333333 0.03966666666666666 0.13266666666666665 0.078
1 0.609 0.044 0.062 0.044
0 0.6576666666666666 0.7823333333333333 0.09266666666666666 0.09133333333333334
0 0.43466666666666665 0.9363333333333334 0.112 0.12733333333333333
0 0.899 0.949 0.14066666666666666 0.102
0 0.9253333333333333 0.5026666666666666 0.14933333333333332 0.132
