0 0.10266666666666667 0.22533333333333333 0.16 0.12533333333333332
0 0.29866666666666664 0.20533333333333334 0.17333333333333334 0.15466666666666667
0 0.42566666666666664 0.235 0.07533333333333334 0.086
0 0.5326666666666666 0.16866666666666666 0.15066666666666667 0.13866666666666666
0 0.53 0.265 0.056 0.048666666666666664
0 0.6416666666666666 0.09833333333333333 0.09 0.10733333333333334
0 0.7633333333333333 0.057999999999999996 0.13866666666666666 0.10933333333333332
0 0.7283333333333333 0.19833333333333333 0.15533333333333332 0.162
0 0.7293333333333333 0.312 0.104 0.07333333333333333
0 0.8493333333333333 0.313 0.092 0.09133333333333334
0 0.884 0.183 0.16666666666666666 0.15666666666666665
0 0.16166666666666665 0.313 0.07533333333333334 0.08066666666666666
0 0.271 0.35666666666666663 0.14333333333333334 0.16266666666666665
0 0.21233333333333332 0.42666666666666664 0.118 0.10533333333333333
0 0.08666666666666667 0.41433333333333333 0.13599999999999998 0.122
0 0.10866666666666666 0.5333333333333333 0.16799999999999998 0.13466666666666666
0 0.30966666666666665 0.445 0.054 0.04466666666666667
0 0.37133333333333335 0.345 0.10533333333333333 0.122
0 0.4736666666666666 0.33999999999999997 0.10466666666666666 0.13466666666666666
0 0.6013333333333333 0.361 0.13999999999999999 0.15666666666666665
0 0.8986666666666666 0.417 0.12133333333333333 0.10333333333333333
0 0.8026666666666666 0.41933333333333334 0.07066666666666667 0.07333333333333333
0 0.7606666666666666 0.5093333333333333 0.13866666666666666 0.17066666666666666
0 0.625 0.49 0.09266666666666666 0.088
0 0.41 0.4553333333333333 0.09866666666666667 0.088
0 0.516 0.48166666666666663 0.13066666666666665 0.13799999999999998
0 0.47633333333333333 0.5716666666666667 0.126 0.11266666666666666
0 0.36033333333333334 0.5533333333333333 0.11933333333333333 0.164
0 0.261 0.5276666666666666 0.118 0.11266666666666666
0 0.24633333333333332 0.6263333333333333 0.15533333333333332 0.146
1 0.12433333333333332 0.629 0.09133333333333334 0.082
1 0.361 0.6613333333333333 0.07666666666666666 0.07466666666666666
0 0.4693333333333333 0.6796666666666666 0.104 0.09133333333333334
0 0.08266666666666667 0.7406666666666667 0.09733333333333333 0.10533333333333333
1 0.08333333333333333 0.831 0.07066666666666667 0.07533333333333334
0 0.17366666666666666 0.8763333333333333 0.11266666666666666 0.118
0 0.27299999999999996 0.8866666666666666 0.10866666666666666 0.09733333333333333
0 0.33 0.7939999999999999 0.156 0.20666666666666667
0 0.19666666666666666 0.765 0.12533333333333332 0.13533333333333333
0 0.586 0.688 0.132 0.156
0 0.6536666666666666 0.8176666666666667 0.15533333333333332 0.162
0 0.6686666666666666 0.599 0.14133333333333334 0.14466666666666667
0 0.7703333333333333 0.7056666666666667 0.11133333333333333 0.11666666666666667
0 0.8846666666666666 0.6976666666666667 0.124 0.15
0 0.773 0.8163333333333334 0.11399999999999999 0.11
0 0.8109999999999999 0.9086666666666666 0.18466666666666667 0.164
0 0.16533333333333333 0.15833333333333333 0.06133333333333333 0.078
0 0.2603333333333333 0.9643333333333333 0.09266666666666666 0.07133333333333333
0 0.949 0.9483333333333333 0.09666666666666666 0.10333333333333333
0 0.945 0.305 0.11 0.126
0 0.86 0.07966666666666666 0.08133333333333333 0.057999999999999996
0 0.9543333333333333 0.07433333333333333 0.09133333333333334 0.13933333333333334
