0 0.24633333333333332 0.06799999999999999 0.11133333333333333 0.09866666666666667
0 0.08333333333333333 0.18566666666666667 0.15733333333333333 0.15666666666666665
0 0.06933333333333333 0.33 0.12666666666666665 0.132
0 0.225 0.2693333333333333 0.14333333333333334 0.09333333333333332
0 0.194 0.38866666666666666 0.16133333333333333 0.14266666666666666
0 0.31966666666666665 0.356 0.118 0.16133333333333333
0 0.42166666666666663 0.356 0.094 0.09999999999999999
0 0.3443333333333333 0.12466666666666666 0.12066666666666666 0.148
0 0.4713333333333333 0.13666666666666666 0.13333333333333333 0.13599999999999998
0 0.43066666666666664 0.24333333333333332 0.13466666666666666 0.12266666666666666
0 0.7486666666666666 0.134 0.10933333333333332 0.10266666666666667
0 0.698 0.26066666666666666 0.17333333333333334 0.18533333333333332
0 0.8263333333333333 0.27066666666666667 0.126 0.16266666666666665
0 0.8903333333333333 0.386 0.17933333333333332 0.17333333333333334
0 0.5053333333333333 0.36233333333333334 0.06533333333333333 0.07666666666666666
0 0.568 0.37066666666666664 0.07066666666666667 0.13466666666666666
0 0.6596666666666666 0.373 0.15266666666666667 0.14866666666666667
0 0.39866666666666667 0.444 0.08133333333333333 0.076
0 0.47866666666666663 0.488 0.09999999999999999 0.12266666666666666
0 0.6729999999999999 0.48866666666666664 0.19666666666666666 0.13999999999999999
0 0.6633333333333333 0.5886666666666667 0.144 0.09333333333333332
0 0.8256666666666667 0.5143333333333333 0.11133333333333333 0.13666666666666666
0 0.9203333333333333 0.5216666666666666 0.10866666666666666 0.12066666666666666
0 0.8743333333333333 0.5853333333333333 0.08866666666666666 0.06933333333333333
0 0.7763333333333333 0.592 0.09533333333333333 0.08
0 0.9179999999999999 0.6783333333333333 0.13733333333333334 0.14733333333333332
0 0.7923333333333333 0.6823333333333333 0.13933333333333334 0.106
0 0.696 0.6869999999999999 0.07066666666666667 0.09
0 0.7606666666666666 0.7603333333333333 0.09466666666666666 0.08866666666666666
0 0.8343333333333333 0.8089999999999999 0.14733333333333332 0.11399999999999999
0 0.8193333333333334 0.9189999999999999 0.13999999999999999 0.12066666666666666
0 0.662 0.838 0.13599999999999998 0.17466666666666666
0 0.5346666666666666 0.7776666666666666 0.088 0.07666666666666666
0 0.5429999999999999 0.8733333333333333 0.11266666666666666 0.124
0 0.421 0.877 0.12066666666666666 0.15
0 0.47633333333333333 0.6623333333333333 0.146 0.14866666666666667
0 0.37133333333333335 0.576 0.19733333333333333 0.204
0 0.17233333333333334 0.5516666666666666 0.18466666666666667 0.178
0 0.049999999999999996 0.581 0.076 0.08333333333333333
0 0.06266666666666666 0.6856666666666666 0.10666666666666666 0.11266666666666666
0 0.188 0.7106666666666667 0.16133333333333333 0.15733333333333333
0 0.2063333333333333 0.7906666666666666 0.13666666666666666 0.11333333333333333
0 0.33599999999999997 0.764 0.13466666666666666 0.13066666666666665
0 0.22066666666666665 0.9099999999999999 0.132 0.12266666666666666
0 0.31966666666666665 0.8946666666666666 0.11 0.128
0 0.47966666666666663 0.039 0.09533333333333333 0.07666666666666666
0 0.35566666666666663 0.03833333333333333 0.14733333333333332 0.07533333333333334
0 0.5596666666666666 0.057666666666666665 0.07266666666666667 0.066
0 0.625 0.06633333333333333 0.10733333333333334 0.13
0 0.644 0.15533333333333332 0.06666666666666667 0.06666666666666667
0 0.22999999999999998 0.17766666666666667 0.15333333333333332 0.13533333333333333
0 0.11833333333333333 0.9263333333333333 0.13266666666666665 0.14733333333333332
1 0.4483333333333333 0.9523333333333333 0.08466666666666667 0.09266666666666666
0 0.9433333333333334 0.8583333333333333 0.11333333333333333 0.22866666666666666
0 0.5976666666666667 0.254 0.08866666666666666 0.104
1 0.8433333333333333 0.153 0.052 0.062
0 0.8403333333333333 0.057999999999999996 0.08333333333333333 0.104
0 0.9313333333333333 0.075 0.13733333333333334 0.14866666666666667
