0 0.17866666666666667 0.10366666666666666 0.16666666666666666 0.15133333333333332
0 0.5396666666666666 0.10733333333333334 0.16333333333333333 0.17733333333333332
0 0.3456666666666667 0.17733333333333332 0.11266666666666666 0.10933333333333332
0 0.4563333333333333 0.19899999999999998 0.11933333333333333 0.09933333333333333
0 0.107 0.2886666666666667 0.12866666666666665 0.15466666666666667
0 0.216 0.28933333333333333 0.13066666666666665 0.18666666666666665
0 0.3333333333333333 0.29366666666666663 0.10933333333333332 0.122
0 0.4716666666666667 0.2906666666666667 0.11933333333333333 0.11599999999999999
0 0.589 0.2773333333333333 0.11533333333333333 0.14266666666666666
0 0.7626666666666666 0.37666666666666665 0.12666666666666665 0.13066666666666665
0 0.13133333333333333 0.4073333333333333 0.09999999999999999 0.10266666666666667
0 0.35666666666666663 0.42066666666666663 0.16 0.18
0 0.48133333333333334 0.42133333333333334 0.11599999999999999 0.152
0 0.5793333333333334 0.4086666666666667 0.10666666666666666 0.12133333333333333
0 0.5486666666666666 0.5266666666666666 0.14133333333333334 0.14666666666666667
0 0.44266666666666665 0.528 0.07333333333333333 0.08
0 0.3213333333333333 0.532 0.108 0.112
0 0.18333333333333332 0.502 0.17333333333333334 0.13733333333333334
0 0.051333333333333335 0.508 0.09333333333333332 0.064
0 0.104 0.588 0.07066666666666667 0.064
0 0.20666666666666667 0.616 0.12933333333333333 0.096
0 0.42866666666666664 0.61 0.06666666666666667 0.07333333333333333
0 0.3353333333333333 0.6206666666666667 0.09066666666666666 0.07866666666666666
0 0.16599999999999998 0.708 0.10933333333333332 0.09066666666666666
1 0.059 0.6833333333333333 0.09799999999999999 0.10266666666666667
0 0.17066666666666666 0.8089999999999999 0.13599999999999998 0.12066666666666666
1 0.4093333333333333 0.7906666666666666 0.08399999999999999 0.10933333333333332
1 0.29633333333333334 0.7869999999999999 0.07266666666666667 0.08466666666666667
1 0.5773333333333334 0.6346666666666666 0.10533333333333333 0.07733333333333334
0 0.7713333333333333 0.62 0.13333333333333333 0.12533333333333332
1 0.6926666666666667 0.71 0.10933333333333332 0.08666666666666667
1 0.5906666666666667 0.8106666666666666 0.08666666666666667 0.08
1 0.698 0.8123333333333334 0.12 0.12466666666666666
1 0.61 0.9239999999999999 0.07466666666666666 0.08266666666666667
1 0.7153333333333333 0.9266666666666666 0.128 0.128
1 0.49266666666666664 0.9383333333333334 0.104 0.11399999999999999
1 0.16799999999999998 0.9313333333333333 0.09733333333333333 0.11066666666666666
1 0.9176666666666666 0.9256666666666666 0.12066666666666666 0.10333333333333333
0 0.06866666666666667 0.108 0.13466666666666666 0.21333333333333332
0 0.03233333333333333 0.29566666666666663 0.06333333333333332 0.09
1 0.294 0.6776666666666666 0.029333333333333333 0.03266666666666666
1 0.579 0.702 0.06066666666666667 0.058666666666666666
0 0.050666666666666665 0.7966666666666666 0.09999999999999999 0.13866666666666666
1 0.499 0.7933333333333333 0.024666666666666667 0.026666666666666665
0 0.05933333333333333 0.9386666666666666 0.11733333333333333 0.12266666666666666
0 0.27399999999999997 0.9219999999999999 0.16799999999999998 0.156
