0 0.3363333333333333 0.104 0.11 0.10933333333333332
0 0.7843333333333333 0.13933333333333334 0.15 0.14666666666666667
0 0.6736666666666666 0.14833333333333332 0.10733333333333334 0.13533333333333333
0 0.5609999999999999 0.14766666666666667 0.126 0.15266666666666667
0 0.4463333333333333 0.16833333333333333 0.11666666666666667 0.11399999999999999
0 0.33066666666666666 0.19666666666666666 0.076 0.07066666666666667
0 0.18466666666666667 0.297 0.124 0.14066666666666666
0 0.368 0.29566666666666663 0.12666666666666665 0.12333333333333332
0 0.47933333333333333 0.27599999999999997 0.096 0.096
0 0.5633333333333334 0.26266666666666666 0.09466666666666666 0.10266666666666667
0 0.66 0.27 0.10133333333333333 0.09733333333333333
1 0.762 0.24966666666666665 0.056 0.05933333333333333
1 0.861 0.2663333333333333 0.09 0.06866666666666667
0 0.873 0.36566666666666664 0.12466666666666666 0.13
0 0.7463333333333333 0.35933333333333334 0.15266666666666667 0.14533333333333334
0 0.6253333333333333 0.36766666666666664 0.09866666666666667 0.09266666666666666
0 0.5223333333333333 0.386 0.15133333333333332 0.132
0 0.3303333333333333 0.48133333333333334 0.14866666666666667 0.16799999999999998
1 0.437 0.48266666666666663 0.05533333333333333 0.06666666666666667
1 0.575 0.48933333333333334 0.078 0.072
0 0.6853333333333333 0.48933333333333334 0.13066666666666665 0.10533333333333333
0 0.8133333333333334 0.5203333333333333 0.13599999999999998 0.17933333333333332
0 0.9206666666666666 0.523 0.13999999999999999 0.18466666666666667
0 0.74 0.6003333333333333 0.10133333333333333 0.094
0 0.5653333333333334 0.6096666666666667 0.20133333333333334 0.17933333333333332
0 0.4393333333333333 0.5996666666666667 0.164 0.16866666666666666
0 0.46599999999999997 0.6943333333333334 0.14666666666666667 0.11
0 0.33266666666666667 0.6016666666666667 0.108 0.12733333333333333
0 0.24733333333333332 0.6003333333333333 0.07866666666666666 0.07533333333333334
0 0.19933333333333333 0.5203333333333333 0.13599999999999998 0.15666666666666665
0 0.10266666666666667 0.541 0.14266666666666666 0.15
0 0.07833333333333332 0.6363333333333333 0.142 0.14466666666666667
0 0.24533333333333332 0.699 0.13066666666666665 0.11933333333333333
0 0.356 0.7566666666666666 0.09999999999999999 0.09866666666666667
0 0.623 0.76 0.08333333333333333 0.092
0 0.743 0.816 0.19266666666666665 0.2653333333333333
0 0.38666666666666666 0.882 0.14133333333333334 0.13333333333333333
1 0.5583333333333333 0.9233333333333333 0.12866666666666665 0.12666666666666665
1 0.17566666666666667 0.8803333333333333 0.09933333333333333 0.07933333333333333
0 0.24533333333333332 0.699 0.13066666666666665 0.11933333333333333
0 0.24866666666666665 0.126 0.06533333333333333 0.088
1 0.6623333333333333 0.05733333333333333 0.09666666666666666 0.08133333333333333
0 0.092 0.4036666666666667 0.09066666666666666 0.11
1 0.42233333333333334 0.381 0.06066666666666667 0.06999999999999999
0 0.035333333333333335 0.7243333333333333 0.06933333333333333 0.09266666666666666
0 0.36533333333333334 0.9546666666666667 0.052 0.044
0 0.4513333333333333 0.9476666666666667 0.09333333333333332 0.10466666666666666
1 0.9256666666666666 0.06533333333333333 0.09533333333333333 0.128
0 0.813 0.04733333333333333 0.14733333333333332 0.09333333333333332
