0 0.5956666666666667 0.8406666666666667 0.146 0.15866666666666665
0 0.7326666666666667 0.8413333333333333 0.12 0.148
0 0.846 0.8523333333333333 0.10133333333333333 0.14066666666666666
0 0.7676666666666666 0.7096666666666667 0.158 0.13933333333333334
0 0.8996666666666666 0.6906666666666667 0.10733333333333334 0.14933333333333332
1 0.9203333333333333 0.8056666666666666 0.08333333333333333 0.086
0 0.42633333333333334 0.7463333333333333 0.13799999999999998 0.11399999999999999
0 0.42766666666666664 0.8553333333333333 0.154 0.124
0 0.07366666666666666 0.8049999999999999 0.126 0.15133333333333332
0 0.22166666666666665 0.769 0.16066666666666665 0.15666666666666665
0 0.21133333333333332 0.9063333333333333 0.16799999999999998 0.118
0 0.22899999999999998 0.6463333333333333 0.08733333333333333 0.09133333333333334
0 0.186 0.5573333333333333 0.104 0.11333333333333333
0 0.10866666666666666 0.4683333333333333 0.13466666666666666 0.11933333333333333
0 0.14166666666666666 0.2866666666666667 0.11533333333333333 0.13599999999999998
0 0.3173333333333333 0.449 0.08 0.08866666666666666
0 0.296 0.5506666666666666 0.10133333333333333 0.10266666666666667
0 0.38366666666666666 0.5386666666666666 0.082 0.076
0 0.436 0.6333333333333333 0.09866666666666667 0.09866666666666667
0 0.5526666666666666 0.649 0.104 0.122
1 0.5743333333333334 0.49566666666666664 0.122 0.12333333333333332
0 0.6486666666666666 0.6226666666666666 0.08133333333333333 0.11066666666666666
0 0.7466666666666666 0.59 0.108 0.104
0 0.7526666666666666 0.49666666666666665 0.15733333333333333 0.10133333333333333
0 0.8763333333333333 0.4983333333333333 0.09 0.12866666666666665
0 0.7673333333333333 0.39666666666666667 0.164 0.09866666666666667
0 0.896 0.383 0.10133333333333333 0.102
0 0.7136666666666667 0.29633333333333334 0.154 0.11933333333333333
0 0.839 0.2823333333333333 0.10466666666666666 0.11933333333333333
0 0.9089999999999999 0.181 0.14733333333333332 0.094
0 0.8333333333333333 0.086 0.15866666666666665 0.15466666666666667
0 0.7136666666666667 0.11266666666666666 0.146 0.19733333333333333
0 0.5896666666666667 0.08933333333333333 0.11133333333333333 0.12
0 0.5723333333333334 0.219 0.11 0.12066666666666666
0 0.5213333333333333 0.31966666666666665 0.09733333333333333 0.08333333333333333
0 0.24566666666666667 0.253 0.082 0.08333333333333333
0 0.36866666666666664 0.24066666666666667 0.08933333333333333 0.09466666666666666
0 0.4603333333333333 0.09899999999999999 0.12466666666666666 0.15533333333333332
0 0.46066666666666667 0.22033333333333333 0.072 0.082
0 0.32366666666666666 0.124 0.15133333333333332 0.14933333333333332
0 0.10633333333333334 0.08666666666666667 0.142 0.16666666666666666
0 0.236 0.05933333333333333 0.144 0.11733333333333333
0 0.22733333333333333 0.16933333333333334 0.052 0.06533333333333333
1 0.506 0.39366666666666666 0.07066666666666667 0.08466666666666667
1 0.08 0.5686666666666667 0.042666666666666665 0.03733333333333333
0 0.04533333333333333 0.6533333333333333 0.088 0.12266666666666666
1 0.6273333333333333 0.716 0.09866666666666667 0.08266666666666667
0 0.024333333333333332 0.891 0.046 0.06733333333333333
1 0.045 0.9606666666666667 0.08866666666666666 0.07866666666666666
1 0.41966666666666663 0.954 0.10333333333333333 0.092
0 0.5186666666666666 0.946 0.10266666666666667 0.108
0 0.6376666666666666 0.9483333333333333 0.16999999999999998 0.10333333333333333
0 0.7633333333333333 0.9456666666666667 0.12533333333333332 0.10866666666666666
0 0.893 0.942 0.16333333333333333 0.11599999999999999
1 0.844 0.5896666666666667 0.06 0.066
1 0.9179999999999999 0.5836666666666667 0.06 0.066
0 0.9543333333333333 0.46799999999999997 0.09133333333333334 0.12933333333333333
1 0.9696666666666667 0.35833333333333334 0.06066666666666667 0.09799999999999999
0 0.9356666666666666 0.2836666666666667 0.10066666666666667 0.09533333333333333
