0 0.10833333333333332 0.08233333333333333 0.14066666666666666 0.13933333333333334
0 0.049999999999999996 0.14233333333333334 0.08533333333333333 0.08066666666666666
0 0.07633333333333334 0.24433333333333332 0.14066666666666666 0.146
0 0.22633333333333333 0.103 0.11 0.11399999999999999
0 0.184 0.22 0.07466666666666666 0.06666666666666667
0 0.19466666666666665 0.41433333333333333 0.09866666666666667 0.11133333333333333
0 0.3416666666666667 0.38666666666666666 0.18466666666666667 0.16666666666666666
0 0.34099999999999997 0.12633333333333333 0.11133333333333333 0.11266666666666666
0 0.2623333333333333 0.174 0.09 0.06933333333333333
0 0.4683333333333333 0.17366666666666666 0.19533333333333333 0.18866666666666665
0 0.6576666666666666 0.06899999999999999 0.094 0.118
0 0.5579999999999999 0.065 0.09999999999999999 0.12066666666666666
0 0.737 0.447 0.11133333333333333 0.11533333333333333
1 0.634 0.481 0.10266666666666667 0.09666666666666666
0 0.579 0.5459999999999999 0.11 0.09733333333333333
0 0.6416666666666666 0.5906666666666667 0.082 0.07733333333333334
0 0.46099999999999997 0.626 0.12333333333333332 0.12933333333333333
0 0.4666666666666667 0.7476666666666666 0.16533333333333333 0.11666666666666667
0 0.7166666666666667 0.54 0.112 0.08533333333333333
1 0.8173333333333334 0.5143333333333333 0.09999999999999999 0.08866666666666666
1 0.818 0.5863333333333333 0.09333333333333332 0.07533333333333334
1 0.8826666666666666 0.6183333333333333 0.072 0.08866666666666666
1 0.9383333333333334 0.6679999999999999 0.11399999999999999 0.104
1 0.9396666666666667 0.7666666666666666 0.09666666666666666 0.09866666666666667
1 0.8346666666666667 0.738 0.10933333333333332 0.108
1 0.8026666666666666 0.6586666666666666 0.06266666666666666 0.05333333333333333
1 0.7186666666666667 0.6266666666666666 0.06933333333333333 0.06933333333333333
0 0.6173333333333333 0.6683333333333333 0.13866666666666666 0.08866666666666666
1 0.6256666666666666 0.7483333333333333 0.158 0.09799999999999999
1 0.6583333333333333 0.8353333333333333 0.13799999999999998 0.10533333333333333
1 0.75 0.89 0.10133333333333333 0.096
1 0.75 0.7863333333333333 0.07866666666666666 0.07533333333333334
1 0.8306666666666667 0.84 0.088 0.09866666666666667
1 0.7356666666666667 0.7063333333333333 0.086 0.082
