0 0.354 0.10233333333333333 0.17333333333333334 0.154
1 0.245 0.21766666666666665 0.11399999999999999 0.14333333333333334
1 0.3473333333333333 0.23099999999999998 0.112 0.14466666666666667
1 0.45566666666666666 0.21633333333333332 0.11 0.126
0 0.5313333333333333 0.08233333333333333 0.13333333333333333 0.16333333333333333
0 0.765 0.14366666666666666 0.118 0.15533333333333332
0 0.646 0.16633333333333333 0.132 0.15666666666666665
1 0.651 0.29333333333333333 0.08066666666666666 0.09733333333333333
0 0.5306666666666666 0.27799999999999997 0.13999999999999999 0.12
0 0.8326666666666667 0.24633333333333332 0.12 0.094
0 0.939 0.35033333333333333 0.10733333333333334 0.14733333333333332
0 0.8056666666666666 0.3443333333333333 0.15933333333333333 0.12066666666666666
0 0.7723333333333333 0.4533333333333333 0.12866666666666665 0.10533333333333333
0 0.8113333333333334 0.5503333333333333 0.17333333333333334 0.14733333333333332
0 0.9359999999999999 0.6366666666666666 0.096 0.108
0 0.8263333333333333 0.69 0.12333333333333332 0.148
0 0.691 0.6816666666666666 0.14733333333333332 0.146
1 0.5843333333333333 0.7693333333333333 0.11666666666666667 0.13733333333333334
1 0.5936666666666667 0.8836666666666666 0.078 0.08333333333333333
0 0.8456666666666667 0.8843333333333333 0.14333333333333334 0.15133333333333332
1 0.4713333333333333 0.6823333333333333 0.06666666666666667 0.06733333333333333
0 0.134 0.7336666666666667 0.128 0.12466666666666666
0 0.19666666666666666 0.6233333333333333 0.13333333333333333 0.12133333333333333
0 0.08966666666666666 0.627 0.086 0.086
0 0.27166666666666667 0.8953333333333333 0.08866666666666666 0.12933333333333333
0 0.36466666666666664 0.9086666666666666 0.10533333333333333 0.12266666666666666
0 0.38 0.7996666666666666 0.092 0.08733333333333333
0 0.36933333333333335 0.6993333333333334 0.132 0.13333333333333333
0 0.3173333333333333 0.6086666666666667 0.09733333333333333 0.08933333333333333
0 0.2533333333333333 0.5076666666666666 0.09466666666666666 0.08333333333333333
0 0.48133333333333334 0.585 0.18933333333333333 0.11666666666666667
0 0.46366666666666667 0.476 0.15133333333333332 0.096
0 0.391 0.422 0.18066666666666667 0.20133333333333334
0 0.27366666666666667 0.42266666666666663 0.12866666666666665 0.13599999999999998
0 0.189 0.324 0.17666666666666667 0.12266666666666666
0 0.154 0.4393333333333333 0.13733333333333334 0.13866666666666666
0 0.14033333333333334 0.217 0.102 0.08866666666666666
1 0.593 0.4003333333333333 0.12866666666666665 0.11399999999999999
1 0.5446666666666666 0.208 0.08933333333333333 0.06799999999999999
1 0.72 0.2776666666666667 0.058666666666666666 0.062
0 0.050666666666666665 0.4503333333333333 0.09866666666666667 0.16333333333333333
0 0.03833333333333333 0.7406666666666667 0.07533333333333334 0.144
0 0.049999999999999996 0.8433333333333333 0.09866666666666667 0.10666666666666666
0 0.6436666666666666 0.951 0.106 0.09799999999999999
0 0.703 0.859 0.08333333333333333 0.09666666666666666
1 0.8853333333333333 0.43466666666666665 0.09733333333333333 0.07866666666666666
1 0.11566666666666667 0.065 0.08733333333333333 0.09133333333333334
