0 0.9316666666666666 0.733 0.13666666666666666 0.20066666666666666
0 0.8093333333333333 0.7766666666666666 0.164 0.172
0 0.6636666666666666 0.7436666666666666 0.15133333333333332 0.18333333333333332
0 0.45566666666666666 0.705 0.12866666666666665 0.154
0 0.32766666666666666 0.6946666666666667 0.14066666666666666 0.17466666666666666
0 0.20466666666666666 0.6693333333333333 0.13066666666666665 0.12933333333333333
0 0.31166666666666665 0.5579999999999999 0.11399999999999999 0.09866666666666667
0 0.212 0.542 0.092 0.092
0 0.10766666666666666 0.5483333333333333 0.12733333333333333 0.12333333333333332
1 0.12166666666666666 0.647 0.08333333333333333 0.08733333333333333
0 0.13799999999999998 0.4413333333333333 0.16133333333333333 0.10933333333333332
0 0.46199999999999997 0.45866666666666667 0.10266666666666667 0.12266666666666666
0 0.5646666666666667 0.4603333333333333 0.156 0.11933333333333333
0 0.5469999999999999 0.5816666666666667 0.18733333333333332 0.14866666666666667
0 0.7006666666666667 0.573 0.13866666666666666 0.14866666666666667
0 0.8186666666666667 0.617 0.16933333333333334 0.15
1 0.8736666666666666 0.5246666666666666 0.13799999999999998 0.11866666666666666
0 0.7063333333333333 0.45466666666666666 0.12733333333333333 0.092
0 0.5473333333333333 0.3446666666666667 0.13733333333333334 0.10533333333333333
0 0.6799999999999999 0.33366666666666667 0.13066666666666665 0.14466666666666667
0 0.88 0.32466666666666666 0.16666666666666666 0.17333333333333334
0 0.8583333333333333 0.19633333333333333 0.08733333333333333 0.08333333333333333
0 0.7533333333333333 0.2383333333333333 0.128 0.12066666666666666
0 0.7463333333333333 0.15033333333333332 0.11399999999999999 0.07266666666666667
0 0.744 0.06233333333333333 0.20266666666666666 0.11533333333333333
0 0.6166666666666667 0.14766666666666667 0.12133333333333333 0.12466666666666666
0 0.5533333333333333 0.22899999999999998 0.12533333333333332 0.118
1 0.36 0.24833333333333332 0.096 0.082
0 0.357 0.35533333333333333 0.12866666666666665 0.132
0 0.24433333333333332 0.3456666666666667 0.118 0.15933333333333333
0 0.15 0.3463333333333333 0.06533333333333333 0.08333333333333333
0 0.06166666666666666 0.24133333333333332 0.10866666666666666 0.10933333333333332
0 0.06466666666666666 0.11 0.12 0.128
0 0.22433333333333333 0.11566666666666667 0.15533333333333332 0.13666666666666666
0 0.24866666666666665 0.23366666666666666 0.11866666666666666 0.094
1 0.4563333333333333 0.25466666666666665 0.078 0.09466666666666666
0 0.13866666666666666 0.24566666666666667 0.048 0.06066666666666667
0 0.7783333333333333 0.35033333333333333 0.08333333333333333 0.094
1 0.6633333333333333 0.24466666666666667 0.06133333333333333 0.072
