0 0.693 0.6483333333333333 0.174 0.14866666666666667
0 0.7543333333333333 0.7363333333333333 0.09266666666666666 0.08333333333333333
0 0.866 0.7636666666666666 0.13866666666666666 0.12066666666666666
0 0.821 0.6466666666666666 0.10733333333333334 0.104
0 0.9199999999999999 0.6566666666666666 0.108 0.09866666666666667
1 0.7356666666666667 0.54 0.078 0.07866666666666666
0 0.8376666666666667 0.5323333333333333 0.11266666666666666 0.106
0 0.946 0.5489999999999999 0.09866666666666667 0.106
0 0.9306666666666666 0.46099999999999997 0.104 0.07933333333333333
0 0.9046666666666666 0.372 0.13599999999999998 0.096
1 0.9076666666666666 0.2733333333333333 0.08866666666666666 0.096
0 0.8023333333333333 0.2816666666666667 0.11933333333333333 0.10466666666666666
1 0.832 0.10033333333333333 0.08133333333333333 0.07266666666666667
0 0.6583333333333333 0.29966666666666664 0.09533333333333333 0.08733333333333333
0 0.691 0.219 0.06066666666666667 0.051333333333333335
0 0.7083333333333333 0.12833333333333333 0.12066666666666666 0.11399999999999999
0 0.5876666666666667 0.13166666666666665 0.11533333333333333 0.126
0 0.514 0.20033333333333334 0.096 0.11133333333333333
0 0.427 0.215 0.08333333333333333 0.082
0 0.3443333333333333 0.22833333333333333 0.07666666666666666 0.086
0 0.413 0.30933333333333335 0.11399999999999999 0.104
0 0.5063333333333333 0.308 0.106 0.09866666666666667
1 0.6146666666666667 0.3933333333333333 0.056 0.07733333333333334
0 0.531 0.4036666666666667 0.11666666666666667 0.12333333333333332
0 0.4323333333333333 0.41833333333333333 0.08333333333333333 0.11666666666666667
0 0.3263333333333333 0.42533333333333334 0.14066666666666666 0.13866666666666666
0 0.29166666666666663 0.33666666666666667 0.12066666666666666 0.09999999999999999
1 0.722 0.46299999999999997 0.03733333333333333 0.04466666666666667
1 0.375 0.143 0.054 0.051333333333333335
1 0.2836666666666667 0.145 0.118 0.11133333333333333
1 0.29933333333333334 0.05533333333333333 0.10533333333333333 0.06
1 0.193 0.164 0.09266666666666666 0.10266666666666667
0 0.089 0.13733333333333334 0.12866666666666665 0.13999999999999999
0 0.21666666666666665 0.259 0.10933333333333332 0.08066666666666666
0 0.064 0.22133333333333333 0.12666666666666665 0.172
0 0.04566666666666667 0.06066666666666667 0.09 0.108
0 0.941 0.192 0.118 0.10533333333333333
