0 0.157 0.12533333333333332 0.16466666666666666 0.13333333333333333
0 0.5653333333333334 0.16433333333333333 0.17333333333333334 0.17533333333333334
0 0.356 0.15033333333333332 0.064 0.057999999999999996
0 0.6153333333333333 0.08499999999999999 0.09333333333333332 0.11133333333333333
0 0.6706666666666666 0.176 0.07066666666666667 0.07333333333333333
0 0.7346666666666667 0.09466666666666666 0.13733333333333334 0.128
0 0.8053333333333333 0.15966666666666665 0.16266666666666665 0.15133333333333332
0 0.768 0.29733333333333334 0.24533333333333332 0.164
0 0.9326666666666666 0.32966666666666666 0.12533333333333332 0.15266666666666667
0 0.9313333333333333 0.43366666666666664 0.08 0.08333333333333333
0 0.7876666666666666 0.416 0.07933333333333333 0.06666666666666667
0 0.6693333333333333 0.411 0.15733333333333333 0.14866666666666667
0 0.5573333333333333 0.4036666666666667 0.06533333333333333 0.074
0 0.533 0.29 0.11666666666666667 0.112
0 0.322 0.2373333333333333 0.16799999999999998 0.17066666666666666
0 0.387 0.374 0.18333333333333332 0.18
0 0.243 0.3773333333333333 0.118 0.10933333333333332
0 0.19633333333333333 0.2643333333333333 0.11133333333333333 0.11666666666666667
0 0.091 0.23433333333333334 0.13666666666666666 0.15133333333333332
0 0.18 0.4923333333333333 0.10533333333333333 0.15266666666666667
0 0.32266666666666666 0.5003333333333333 0.16933333333333334 0.13933333333333334
0 0.5166666666666666 0.494 0.16266666666666665 0.19066666666666665
0 0.082 0.49966666666666665 0.08533333333333333 0.12066666666666666
0 0.06933333333333333 0.7296666666666667 0.12933333333333333 0.15533333333333332
0 0.184 0.7406666666666667 0.13866666666666666 0.18
0 0.22166666666666665 0.6266666666666666 0.13933333333333334 0.13599999999999998
0 0.35466666666666663 0.6316666666666666 0.128 0.14066666666666666
0 0.3223333333333333 0.7613333333333333 0.12866666666666665 0.13599999999999998
0 0.448 0.7553333333333333 0.108 0.09066666666666666
0 0.3723333333333333 0.9253333333333333 0.09533333333333333 0.08933333333333333
0 0.2623333333333333 0.9016666666666666 0.11533333333333333 0.11933333333333333
0 0.088 0.9106666666666666 0.06933333333333333 0.07333333333333333
0 0.16233333333333333 0.897 0.082 0.12066666666666666
1 0.45699999999999996 0.647 0.08466666666666667 0.12333333333333332
0 0.5459999999999999 0.6573333333333333 0.09866666666666667 0.10533333333333333
0 0.652 0.647 0.12266666666666666 0.13799999999999998
0 0.7416666666666667 0.654 0.06466666666666666 0.10133333333333333
0 0.8486666666666667 0.6693333333333333 0.152 0.12666666666666665
0 0.9279999999999999 0.5406666666666666 0.13466666666666666 0.164
0 0.8009999999999999 0.5286666666666666 0.11933333333333333 0.16266666666666665
1 0.6873333333333334 0.5303333333333333 0.104 0.08733333333333333
0 0.9066666666666666 0.7863333333333333 0.16533333333333333 0.15266666666666667
0 0.859 0.8933333333333333 0.17266666666666666 0.16666666666666666
0 0.7313333333333333 0.886 0.08666666666666667 0.10133333333333333
0 0.7146666666666667 0.769 0.13866666666666666 0.126
0 0.6166666666666667 0.8483333333333333 0.16266666666666665 0.19
0 0.5736666666666667 0.9266666666666666 0.09 0.06933333333333333
0 0.4083333333333333 0.07966666666666666 0.16466666666666666 0.158
0 0.4543333333333333 0.17133333333333334 0.043333333333333335 0.05333333333333333
0 0.04833333333333333 0.09533333333333333 0.09533333333333333 0.13599999999999998
0 0.615 0.2906666666666667 0.05533333333333333 0.05333333333333333
0 0.051333333333333335 0.35733333333333334 0.10133333333333333 0.12666666666666665
0 0.06266666666666666 0.8523333333333333 0.124 0.14066666666666666
0 0.9606666666666667 0.899 0.06799999999999999 0.09799999999999999
0 0.956 0.6679999999999999 0.088 0.15066666666666667
0 0.9353333333333333 0.164 0.12933333333333333 0.21866666666666665
