0 0.9006666666666666 0.07466666666666666 0.192 0.14533333333333334
0 0.739 0.106 0.11 0.08666666666666667
0 0.6446666666666666 0.128 0.07333333333333333 0.064
0 0.6203333333333333 0.24266666666666667 0.10866666666666666 0.10666666666666666
0 0.7423333333333333 0.21633333333333332 0.13 0.146
0 0.8756666666666666 0.20266666666666666 0.158 0.13466666666666666
1 0.8583333333333333 0.29866666666666664 0.09 0.06666666666666667
0 0.38066666666666665 0.48233333333333334 0.14533333333333334 0.13
0 0.6036666666666667 0.351 0.14733333333333332 0.11
0 0.582 0.4686666666666667 0.15466666666666667 0.13066666666666665
0 0.45966666666666667 0.576 0.12866666666666665 0.13733333333333334
0 0.237 0.5266666666666666 0.142 0.12266666666666666
0 0.259 0.6423333333333333 0.09666666666666666 0.08066666666666666
0 0.3453333333333333 0.613 0.10266666666666667 0.11933333333333333
1 0.627 0.5746666666666667 0.08333333333333333 0.09866666666666667
0 0.716 0.4126666666666666 0.13866666666666666 0.16133333333333333
0 0.8013333333333333 0.39766666666666667 0.12133333333333333 0.12733333333333333
0 0.9283333333333333 0.37766666666666665 0.142 0.14866666666666667
0 0.744 0.5483333333333333 0.128 0.11533333333333333
0 0.8633333333333333 0.524 0.13333333333333333 0.13333333333333333
0 0.956 0.5086666666666666 0.088 0.10266666666666667
0 0.6839999999999999 0.6739999999999999 0.16133333333333333 0.12
0 0.8276666666666667 0.77 0.174 0.13599999999999998
0 0.6776666666666666 0.7836666666666666 0.15666666666666665 0.12466666666666666
0 0.54 0.7906666666666666 0.16799999999999998 0.16666666666666666
0 0.5486666666666666 0.9099999999999999 0.104 0.07733333333333334
0 0.6543333333333333 0.901 0.11 0.11266666666666666
0 0.7453333333333333 0.9096666666666666 0.09733333333333333 0.11266666666666666
0 0.843 0.897 0.10466666666666666 0.10733333333333334
0 0.9376666666666666 0.8643333333333333 0.11533333333333333 0.18066666666666667
0 0.8296666666666667 0.9716666666666667 0.09533333333333333 0.056666666666666664
0 0.942 0.7246666666666667 0.11599999999999999 0.16133333333333333
0 0.9446666666666667 0.6073333333333333 0.11066666666666666 0.12666666666666665
