0 0.21866666666666665 0.087 0.156 0.14333333333333334
0 0.12266666666666666 0.11333333333333333 0.10266666666666667 0.10133333333333333
0 0.21533333333333332 0.19 0.148 0.10666666666666666
0 0.16599999999999998 0.293 0.18266666666666667 0.17933333333333332
0 0.20133333333333334 0.39399999999999996 0.12933333333333333 0.10933333333333332
0 0.3133333333333333 0.27699999999999997 0.156 0.14466666666666667
0 0.427 0.154 0.158 0.19333333333333333
0 0.569 0.135 0.15266666666666667 0.16066666666666665
0 0.6869999999999999 0.11 0.142 0.172
0 0.8006666666666666 0.16266666666666665 0.12266666666666666 0.13066666666666665
0 0.82 0.063 0.14666666666666667 0.12466666666666666
0 0.9333333333333333 0.22566666666666665 0.132 0.14733333333333332
0 0.8143333333333334 0.26566666666666666 0.12066666666666666 0.15266666666666667
0 0.7396666666666667 0.361 0.12733333333333333 0.11
0 0.7006666666666667 0.26766666666666666 0.108 0.11533333333333333
0 0.6176666666666667 0.317 0.08333333333333333 0.16333333333333333
1 0.5589999999999999 0.22466666666666665 0.086 0.07066666666666667
0 0.5076666666666666 0.299 0.14466666666666667 0.13266666666666665
0 0.4073333333333333 0.3433333333333333 0.09999999999999999 0.09999999999999999
0 0.32966666666666666 0.42466666666666664 0.14733333333333332 0.15466666666666667
0 0.4583333333333333 0.41233333333333333 0.10733333333333334 0.154
0 0.5693333333333334 0.4373333333333333 0.124 0.176
0 0.7766666666666666 0.48166666666666663 0.16533333333333333 0.182
0 0.887 0.6803333333333333 0.142 0.182
0 0.7416666666666667 0.6886666666666666 0.18733333333333332 0.13733333333333334
0 0.707 0.7983333333333333 0.13799999999999998 0.14066666666666666
0 0.8116666666666666 0.8386666666666667 0.142 0.16799999999999998
0 0.5826666666666667 0.712 0.12533333333333332 0.16533333333333333
0 0.5479999999999999 0.862 0.144 0.16266666666666665
0 0.43466666666666665 0.6413333333333333 0.16266666666666665 0.12133333333333333
0 0.447 0.5333333333333333 0.146 0.09866666666666667
0 0.30966666666666665 0.5723333333333334 0.17133333333333334 0.15
0 0.206 0.583 0.10266666666666667 0.12066666666666666
0 0.12166666666666666 0.62 0.12466666666666666 0.13599999999999998
0 0.08866666666666666 0.74 0.17066666666666666 0.17066666666666666
0 0.27066666666666667 0.7626666666666666 0.16 0.19733333333333333
0 0.20099999999999998 0.9023333333333333 0.18066666666666667 0.14866666666666667
0 0.34299999999999997 0.8813333333333333 0.11266666666666666 0.132
0 0.4473333333333333 0.9546666666666667 0.09866666666666667 0.07733333333333334
0 0.6626666666666666 0.9169999999999999 0.132 0.142
0 0.44466666666666665 0.7616666666666666 0.16799999999999998 0.11933333333333333
0 0.16266666666666665 0.7999999999999999 0.06799999999999999 0.11066666666666666
0 0.8846666666666666 0.96 0.09333333333333332 0.08
0 0.9219999999999999 0.45499999999999996 0.156 0.17666666666666667
