0 0.15833333333333333 0.13699999999999998 0.15666666666666665 0.14333333333333334
0 0.36733333333333335 0.181 0.14133333333333334 0.13933333333333334
0 0.6683333333333333 0.195 0.11266666666666666 0.11933333333333333
0 0.886 0.13233333333333333 0.10933333333333332 0.11399999999999999
0 0.9209999999999999 0.22999999999999998 0.158 0.14133333333333334
0 0.8553333333333333 0.3233333333333333 0.104 0.13733333333333334
0 0.7863333333333333 0.21433333333333332 0.08733333333333333 0.08333333333333333
0 0.753 0.30566666666666664 0.11 0.11399999999999999
0 0.6546666666666666 0.37266666666666665 0.172 0.17466666666666666
0 0.697 0.48233333333333334 0.12066666666666666 0.12466666666666666
0 0.817 0.4523333333333333 0.11533333333333333 0.12333333333333332
0 0.5449999999999999 0.36866666666666664 0.08866666666666666 0.13066666666666665
0 0.47 0.3516666666666666 0.09999999999999999 0.11933333333333333
0 0.35133333333333333 0.3476666666666667 0.13733333333333334 0.11133333333333333
0 0.22366666666666665 0.35033333333333333 0.13799999999999998 0.15
0 0.08833333333333333 0.32866666666666666 0.11933333333333333 0.096
1 0.15766666666666665 0.244 0.13666666666666666 0.104
0 0.09533333333333333 0.45499999999999996 0.128 0.11266666666666666
0 0.076 0.5906666666666667 0.13066666666666665 0.14133333333333334
0 0.109 0.7633333333333333 0.14466666666666667 0.13466666666666666
0 0.18466666666666667 0.8266666666666667 0.10933333333333332 0.128
0 0.26466666666666666 0.765 0.13333333333333333 0.10733333333333334
0 0.21966666666666665 0.633 0.14333333333333334 0.146
0 0.32066666666666666 0.6796666666666666 0.07333333333333333 0.09133333333333334
0 0.3423333333333333 0.5573333333333333 0.20333333333333334 0.18
0 0.494 0.526 0.09466666666666666 0.104
0 0.4703333333333333 0.692 0.14466666666666667 0.13866666666666666
0 0.5723333333333334 0.735 0.07933333333333333 0.08333333333333333
0 0.5333333333333333 0.8253333333333333 0.11866666666666666 0.108
0 0.42433333333333334 0.8156666666666667 0.10866666666666666 0.08866666666666666
0 0.4023333333333333 0.9303333333333333 0.11133333333333333 0.12066666666666666
0 0.15066666666666667 0.9433333333333334 0.13333333333333333 0.10266666666666667
0 0.27566666666666667 0.8643333333333333 0.094 0.094
0 0.32066666666666666 0.9086666666666666 0.06266666666666666 0.06933333333333333
0 0.7313333333333333 0.6143333333333333 0.08933333333333333 0.09666666666666666
0 0.572 0.603 0.096 0.08333333333333333
0 0.6096666666666667 0.522 0.118 0.124
0 0.7803333333333333 0.6829999999999999 0.082 0.09
0 0.7949999999999999 0.601 0.057999999999999996 0.062
0 0.9299999999999999 0.5906666666666667 0.072 0.07733333333333334
0 0.6386666666666666 0.78 0.10133333333333333 0.10133333333333333
0 0.6903333333333334 0.8863333333333333 0.13133333333333333 0.11933333333333333
0 0.8116666666666666 0.9356666666666666 0.11133333333333333 0.11533333333333333
0 0.9123333333333333 0.9286666666666666 0.12066666666666666 0.12666666666666665
0 0.759 0.7756666666666666 0.122 0.11399999999999999
0 0.8243333333333333 0.8493333333333333 0.08866666666666666 0.09999999999999999
0 0.9026666666666666 0.7343333333333333 0.124 0.11533333333333333
0 0.9189999999999999 0.8253333333333333 0.11933333333333333 0.09733333333333333
0 0.44 0.07933333333333333 0.14133333333333334 0.15733333333333333
0 0.5383333333333333 0.13233333333333333 0.094 0.074
1 0.735 0.11599999999999999 0.074 0.07733333333333334
0 0.044 0.11966666666666666 0.08666666666666667 0.10733333333333334
0 0.047 0.23233333333333334 0.09266666666666666 0.14333333333333334
0 0.47933333333333333 0.2886666666666667 0.09066666666666666 0.06533333333333333
0 0.17533333333333334 0.5293333333333333 0.050666666666666665 0.06
0 0.6213333333333333 0.6776666666666666 0.10266666666666667 0.09933333333333333
0 0.04066666666666666 0.6886666666666666 0.07866666666666666 0.10133333333333333
0 0.5766666666666667 0.9343333333333333 0.11599999999999999 0.13133333333333333
1 0.06133333333333333 0.882 0.07466666666666666 0.07466666666666666
0 0.827 0.7406666666666667 0.06999999999999999 0.07866666666666666
0 0.9456666666666667 0.6699999999999999 0.09799999999999999 0.06533333333333333
0 0.8553333333333333 0.5746666666666667 0.06133333333333333 0.06266666666666666
