0 0.045 0.16633333333333333 0.08066666666666666 0.10733333333333334
0 0.13066666666666665 0.16133333333333333 0.10933333333333332 0.15866666666666665
0 0.20666666666666667 0.127 0.09866666666666667 0.11666666666666667
0 0.32 0.133 0.13866666666666666 0.11
0 0.45866666666666667 0.146 0.132 0.13333333333333333
0 0.32566666666666666 0.235 0.12733333333333333 0.142
0 0.21333333333333332 0.23299999999999998 0.10533333333333333 0.09799999999999999
0 0.133 0.285 0.11666666666666667 0.094
0 0.07033333333333333 0.32666666666666666 0.09133333333333334 0.09466666666666666
0 0.14133333333333334 0.4643333333333333 0.13333333333333333 0.14733333333333332
0 0.076 0.574 0.13066666666666665 0.08933333333333333
0 0.18466666666666667 0.36433333333333334 0.09333333333333332 0.08066666666666666
0 0.25966666666666666 0.32666666666666666 0.09533333333333333 0.09466666666666666
0 0.5449999999999999 0.245 0.14466666666666667 0.11133333333333333
0 0.42166666666666663 0.287 0.142 0.118
0 0.564 0.33666666666666667 0.19599999999999998 0.12533333333333332
0 0.5363333333333333 0.421 0.18733333333333332 0.11933333333333333
0 0.3813333333333333 0.4023333333333333 0.128 0.118
0 0.27699999999999997 0.415 0.106 0.09799999999999999
0 0.248 0.524 0.11333333333333333 0.10533333333333333
1 0.3423333333333333 0.49766666666666665 0.08866666666666666 0.09133333333333334
0 0.36533333333333334 0.6093333333333333 0.11866666666666666 0.12133333333333333
0 0.47433333333333333 0.593 0.09666666666666666 0.12066666666666666
0 0.5443333333333333 0.5336666666666666 0.11 0.11399999999999999
0 0.6223333333333333 0.502 0.056666666666666664 0.10266666666666667
0 0.695 0.5496666666666666 0.122 0.14066666666666666
0 0.6013333333333333 0.635 0.10933333333333332 0.09133333333333334
0 0.41233333333333333 0.7123333333333333 0.09 0.09266666666666666
0 0.49866666666666665 0.7553333333333333 0.096 0.12666666666666665
0 0.5846666666666667 0.7413333333333333 0.07866666666666666 0.096
0 0.6916666666666667 0.7123333333333333 0.126 0.118
0 0.6993333333333334 0.8086666666666666 0.15066666666666667 0.08933333333333333
1 0.5826666666666667 0.8343333333333333 0.07466666666666666 0.08733333333333333
0 0.7106666666666667 0.896 0.13333333333333333 0.09999999999999999
1 0.4046666666666667 0.8693333333333333 0.10533333333333333 0.13999999999999999
0 0.49266666666666664 0.8603333333333333 0.09733333333333333 0.08866666666666666
0 0.239 0.9199999999999999 0.11533333333333333 0.10533333333333333
0 0.13333333333333333 0.946 0.104 0.09733333333333333
0 0.11833333333333333 0.8523333333333333 0.07933333333333333 0.07933333333333333
0 0.03666666666666667 0.865 0.072 0.086
1 0.14166666666666666 0.7443333333333333 0.06466666666666666 0.08466666666666667
1 0.22566666666666665 0.7953333333333333 0.11133333333333333 0.13999999999999999
0 0.859 0.815 0.11933333333333333 0.11
0 0.9283333333333333 0.8846666666666666 0.10866666666666666 0.09866666666666667
0 0.8313333333333333 0.6973333333333334 0.12 0.09999999999999999
0 0.823 0.40099999999999997 0.18866666666666665 0.12866666666666665
0 0.868 0.51 0.204 0.13599999999999998
0 0.9069999999999999 0.608 0.07666666666666666 0.07066666666666667
0 0.8193333333333334 0.21433333333333332 0.13999999999999999 0.16066666666666665
0 0.877 0.11266666666666666 0.14733333333333332 0.10266666666666667
0 0.6973333333333334 0.12466666666666666 0.17333333333333334 0.18133333333333332
0 0.097 0.05433333333333333 0.16866666666666666 0.10733333333333334
0 0.066 0.4696666666666667 0.12666666666666665 0.15933333333333333
0 0.08966666666666666 0.6793333333333333 0.09133333333333334 0.06666666666666667
0 0.29 0.638 0.042666666666666665 0.05733333333333333
1 0.021666666666666667 0.6829999999999999 0.033999999999999996 0.03266666666666666
0 0.04466666666666667 0.951 0.08666666666666667 0.09799999999999999
0 0.3243333333333333 0.8816666666666666 0.049999999999999996 0.049999999999999996
0 0.3406666666666667 0.9556666666666667 0.09866666666666667 0.08866666666666666
0 0.431 0.9633333333333333 0.11133333333333333 0.07333333333333333
0 0.5366666666666666 0.957 0.042666666666666665 0.05533333333333333
0 0.647 0.956 0.051333333333333335 0.048
0 0.7073333333333333 0.9706666666666667 0.050666666666666665 0.04666666666666666
0 0.9383333333333334 0.9583333333333333 0.122 0.08333333333333333
0 0.9256666666666666 0.209 0.14866666666666667 0.17266666666666666
0 0.8466666666666667 0.04733333333333333 0.108 0.09333333333333332
