0 0.097 0.322 0.082 0.07866666666666666
0 0.36166666666666664 0.22999999999999998 0.08066666666666666 0.07066666666666667
1 0.7703333333333333 0.19766666666666666 0.10866666666666666 0.11933333333333333
1 0.6956666666666667 0.20933333333333332 0.07933333333333333 0.06799999999999999
1 0.6006666666666667 0.22133333333333333 0.11333333333333333 0.11066666666666666
0 0.6146666666666667 0.3123333333333333 0.072 0.08466666666666667
1 0.6916666666666667 0.27899999999999997 0.08466666666666667 0.07666666666666666
1 0.6779999999999999 0.34833333333333333 0.06533333333333333 0.062
1 0.7696666666666666 0.3323333333333333 0.09 0.10333333333333333
1 0.75 0.4136666666666666 0.08133333333333333 0.07933333333333333
1 0.8516666666666667 0.29833333333333334 0.08466666666666667 0.102
1 0.9369999999999999 0.238 0.08866666666666666 0.10533333333333333
0 0.9209999999999999 0.378 0.11 0.09999999999999999
1 0.6613333333333333 0.42133333333333334 0.10666666666666666 0.092
1 0.5893333333333333 0.46699999999999997 0.09999999999999999 0.11133333333333333
1 0.5233333333333333 0.39399999999999996 0.10133333333333333 0.09866666666666667
0 0.518 0.30266666666666664 0.07866666666666666 0.07333333333333333
1 0.4363333333333333 0.36733333333333335 0.11533333333333333 0.09733333333333333
1 0.45199999999999996 0.45199999999999996 0.09733333333333333 0.072
1 0.44266666666666665 0.5366666666666666 0.09733333333333333 0.09999999999999999
1 0.5186666666666666 0.5476666666666666 0.07466666666666666 0.106
1 0.242 0.41633333333333333 0.06799999999999999 0.082
1 0.31966666666666665 0.48866666666666664 0.054 0.06533333333333333
0 0.25366666666666665 0.5036666666666666 0.08333333333333333 0.08466666666666667
1 0.296 0.5636666666666666 0.05733333333333333 0.054
1 0.35266666666666663 0.6033333333333333 0.06533333333333333 0.07466666666666666
1 0.421 0.6203333333333333 0.07933333333333333 0.08733333333333333
0 0.5033333333333333 0.6373333333333333 0.06666666666666667 0.07333333333333333
1 0.586 0.6373333333333333 0.07066666666666667 0.06799999999999999
1 0.5736666666666667 0.7033333333333333 0.07666666666666666 0.06666666666666667
0 0.5683333333333334 0.7753333333333333 0.118 0.09466666666666666
1 0.498 0.7173333333333333 0.06666666666666667 0.06666666666666667
1 0.42433333333333334 0.75 0.08333333333333333 0.09866666666666667
1 0.429 0.8323333333333333 0.08733333333333333 0.07533333333333334
1 0.47966666666666663 0.9199999999999999 0.08333333333333333 0.09999999999999999
1 0.5693333333333334 0.8673333333333333 0.09333333333333332 0.10266666666666667
1 0.6583333333333333 0.8733333333333333 0.08466666666666667 0.096
1 0.6629999999999999 0.7926666666666666 0.078 0.07866666666666666
1 0.6596666666666666 0.648 0.07666666666666666 0.06799999999999999
1 0.6523333333333333 0.7253333333333333 0.08066666666666666 0.07733333333333334
1 0.7376666666666667 0.74 0.08733333333333333 0.09866666666666667
1 0.8216666666666667 0.7536666666666666 0.08866666666666666 0.11533333333333333
1 0.83 0.508 0.10533333333333333 0.12666666666666665
1 0.7226666666666667 0.51 0.10266666666666667 0.092
1 0.5936666666666667 0.5616666666666666 0.057999999999999996 0.07533333333333334
1 0.6583333333333333 0.572 0.07133333333333333 0.07333333333333333
1 0.7256666666666667 0.5893333333333333 0.078 0.08
1 0.9223333333333333 0.4973333333333333 0.09266666666666666 0.09733333333333333
1 0.9043333333333333 0.5783333333333334 0.11 0.08333333333333333
1 0.9096666666666666 0.6726666666666666 0.10466666666666666 0.09466666666666666
1 0.7929999999999999 0.9026666666666666 0.09 0.096
1 0.3183333333333333 0.9366666666666666 0.12066666666666666 0.09999999999999999
0 0.05566666666666666 0.9036666666666666 0.082 0.07933333333333333
0 0.164 0.522 0.096 0.10133333333333333
1 0.16266666666666665 0.43133333333333335 0.07333333333333333 0.06799999999999999
1 0.045 0.5499999999999999 0.082 0.08399999999999999
1 0.049999999999999996 0.4693333333333333 0.09333333333333332 0.09333333333333332
0 0.05533333333333333 0.644 0.09866666666666667 0.096
1 0.17099999999999999 0.6526666666666666 0.12333333333333332 0.10133333333333333
1 0.23133333333333334 0.573 0.06133333333333333 0.046
1 0.2806666666666667 0.6343333333333333 0.09866666666666667 0.09266666666666666
1 0.3436666666666667 0.6713333333333333 0.07533333333333334 0.07733333333333334
0 0.33666666666666667 0.752 0.108 0.09466666666666666
1 0.33399999999999996 0.853 0.11066666666666666 0.10866666666666666
1 0.253 0.7986666666666666 0.08733333333333333 0.09999999999999999
0 0.223 0.722 0.12466666666666666 0.09866666666666667
0 0.155 0.7869999999999999 0.11399999999999999 0.12333333333333332
0 0.06533333333333333 0.8066666666666666 0.112 0.12666666666666665
0 0.307 0.41 0.06999999999999999 0.11333333333333333
1 0.36066666666666664 0.40499999999999997 0.06533333333333333 0.12466666666666666
1 0.094 0.5486666666666666 0.05733333333333333 0.07066666666666667
0 0.14766666666666667 0.587 0.06466666666666666 0.04733333333333333
0 0.23933333333333331 0.873 0.08266666666666667 0.07666666666666666
1 0.41566666666666663 0.9046666666666666 0.07133333333333333 0.06
1 0.5043333333333333 0.8016666666666666 0.05266666666666667 0.07533333333333334
0 0.12366666666666666 0.952 0.09933333333333333 0.096
0 0.21833333333333332 0.948 0.12066666666666666 0.104
0 0.9163333333333333 0.864 0.08466666666666667 0.08666666666666667
